[0.30143315211657146, 1.0, -1.0, -1.0, -1.0, -1.0]
---
[0.21960081812743243, 1.0, 0.21178613179798544, 1.0, 1.0, 1.0]
---
[0.2057079706567506, 1.0, -1.0, -1.0, -1.0, -1.0]
---
[0.08880075721993747, 1.0, 0.06372007203681262, 0.48245773726503227, 1.0, 1.0]
---
[0.24214905504592413, 1.0, -1.0, -1.0, -1.0, -0.7297617171682651]
---
[0.13250747846374794, 1.0, 0.44673048076356947, 1.0, 1.0, 1.0]
---
[0.1754368096317498, 1.0, -1.0, -1.0, -1.0, -1.0]
---
[0.06883112278165066, 1.0, 0.42905718447281616, 1.0, 1.0, 1.0]
---
[0.13028317609227835, 1.0, -1.0, -1.0, -1.0, -1.0]
---
[0.15712455926620705, 1.0, -0.012185953215857026, 1.0, 1.0, 1.0]
---
[0.2696941000195423, 1.0, -1.0, -1.0, -1.0, -1.0]
---
[0.08820571089563373, 1.0, 0.22250179623361455, 0.7425849334588319, 1.0, 1.0]
---
[0.2033253266817388, 1.0, -1.0, -1.0, -1.0, -1.0]
---
[0.16538164448999243, 1.0, 0.04027486948455672, 1.0, 1.0, 1.0]
---
[0.2254496104867348, 1.0, -1.0, -1.0, -1.0, -1.0]
---
[]
---
[0.08619456153113327, 1.0, 0.2424862445475029, 0.6934773290993781, 1.0, 1.0]
---
[0.2020598428538589, 1.0, -1.0, -1.0, -1.0, -1.0]
---
[0.18211448180430206, 1.0, -0.0052856098264155715, 1.0, 1.0, 1.0]
---
[0.21629177669334307, 1.0, -1.0, -1.0, -1.0, -1.0]
---
[0.08813221221316113, 1.0, 0.21139731649990923, 0.7518345962783246, 1.0, 1.0]
---
[0.2032174202123663, 1.0, -1.0, -1.0, -1.0, -0.9626280474328839]
---
[0.1563529495477486, 1.0, -0.00717106039415627, 1.0, 1.0, 1.0]
---
[0.2393546120743994, 1.0, -1.0, -1.0, -1.0, -1.0]
---
[0.13173196027125317, 1.0, 0.33653326017864427, 0.5656460374186052, 0.8589816465765718, 1.0]
---
[0.2688054927322487, 1.0, -1.0, -1.0, -1.0, -0.1591838353905537]
---
[0.24573557629307524, 1.0, 0.08485387203400574, 1.0, 1.0, 1.0]
---
[0.2831783415455066, 1.0, -1.0, -1.0, -1.0, -1.0]
---
[0.13316145030055282, 1.0, 0.26781927347796386, 0.7397444201846559, 1.0, 1.0]
---
[0.23456788401966872, 1.0, -1.0, -1.0, -1.0, -0.7847967023714206]
---
[0.15180021734189547, 1.0, -0.4715370426830644, 1.0, 1.0, 1.0]
---
[0.30253742461531297, 1.0, -0.5051800823915078, -1.0, -1.0, -1.0]
---
[0.2493304370446209, 1.0, -0.03608776326110108, 0.5050359476507249, 0.27604387726333535, 1.0]
---
[0.32037882465598966, 1.0, -1.0, -1.0, -1.0, 0.0]
---
[0.2367525200780233, 1.0, -0.5983806579937758, 1.0, 1.0, 1.0]
---
[]
---
[0.39034906898082533, 1.0, -0.6024816189629334, -1.0, -1.0, -1.0]
---
[0.3058876566280765, 1.0, -0.016917888260103764, 0.508186037961412, 0.3851458112659589, 1.0]
---
[0.3663098696388245, 1.0, -1.0, -1.0, -1.0, 0.0]
---
[0.2744843690342057, 1.0, -0.5644570867269456, 1.0, 1.0, 1.0]
---
[0.41521361194936324, 1.0, -0.60263487371734, -1.0, -1.0, -1.0]
---
[0.32866659100475115, 1.0, -0.011724373798798204, 0.5002119844960484, 0.3824733962406519, 1.0]
---
[0.3848026765166552, 1.0, -1.0, -1.0, -1.0, 0.0]
---
[0.29486165104820894, 1.0, -0.5690231572464627, 1.0, 1.0, 1.0]
---
[0.4350286118158991, 1.0, -0.6052894664425197, -1.0, -1.0, -1.0]
---
[0.34386151053763886, 1.0, -0.019006942487390988, 0.4718339568015981, 0.40237827557064865, 1.0]
---
[0.3975293939101988, 1.0, -1.0, -1.0, -1.0, 0.0]
---
[0.31480822333615194, 1.0, -0.5657166621425449, 1.0, 1.0, 1.0]
---
[0.4513774610696889, 1.0, -0.601142905959664, -1.0, -1.0, -1.0]
---
[0.357609106409672, 1.0, -0.023537275626229537, 0.44726767792389666, 0.40407378155967955, 1.0]
---
[0.40937167462726737, 1.0, -1.0, -1.0, -1.0, 0.0]
---
[0.3323456836123017, 1.0, -0.5674840397520303, 1.0, 1.0, 1.0]
---
[0.46654880770854656, 1.0, -0.597566087987639, -1.0, -1.0, -1.0]
---
[0.36988184964235227, 1.0, -0.028481871989092578, 0.4242026909022316, 0.40896942880885323, 1.0]
---
[0.4198296140589206, 1.0, -1.0, -1.0, -1.0, 0.0]
---
[0.34827360872150276, 1.0, -0.5678192738047202, 1.0, 1.0, 1.0]
---
[]
---
[0.4802499604643281, 1.0, -0.5944982544436335, -1.0, -1.0, -1.0]
---
[0.3814997863302395, 1.0, -0.03380228001389818, 0.4012794511869462, 0.40887886316938005, 1.0]
---
[0.4299693480493017, 1.0, -1.0, -1.0, -1.0, 0.0]
---
[0.3637831922733269, 1.0, -0.5693093554366822, 1.0, 1.0, 1.0]
---
[0.4935537524307947, 1.0, -0.5897319487104795, -1.0, -1.0, -1.0]
---
[0.39221324997204565, 1.0, -0.038396910642619075, 0.3826310169312901, 0.4088089267215276, 1.0]
---
[0.4390392039171749, 1.0, -1.0, -1.0, -1.0, 0.0]
---
[0.3771021553320219, 1.0, -0.5719246715183453, 1.0, 1.0, 1.0]
---
[0.504644428984995, 1.0, -0.5839255204667357, -1.0, -1.0, -1.0]
---
[0.40087055020292023, 1.0, -0.041909405725091275, 0.3695460236633519, 0.409940477015712, 1.0]
---
[0.44578265522717836, 1.0, -1.0, -1.0, -1.0, 0.0]
---
[0.38653697101845663, 1.0, -0.5751079882822183, 1.0, 1.0, 1.0]
---
[0.5126618283197717, 1.0, -0.5755114414567161, -1.0, -1.0, -1.0]
---
[0.40655622200813096, 1.0, -0.04315658804313238, 0.3561524441859403, 0.41016482634158, 1.0]
---
[0.45035769892641475, 1.0, -1.0, -1.0, -1.0, 0.0]
---
[0.39556125609132836, 1.0, -0.5893191165683676, 1.0, 1.0, 1.0]
---
[0.5172701871378438, 1.0, -0.5861141439348662, -1.0, -1.0, -1.0]
---
[0.4124333020599489, 1.0, -0.05192266088566544, 0.36692350705295773, 0.4440621209575282, 1.0]
---
[0.4531451336951936, 1.0, -1.0, -1.0, -1.0, -0.08428959641221923]
---
[0.41001055019830546, 1.0, -0.3884323575111921, 1.0, 1.0, 1.0]
---
[]
---
[0.5088064985638338, 1.0, -0.8592818246267674, -1.0, -1.0, -1.0]
---
[0.38002265395909723, 1.0, 0.18943828139125096, 1.0, 1.0, 1.0]
---
[0.32789804214150603, 1.0, -1.0, -1.0, -1.0, -1.0]
---
[0.2653231216755832, 1.0, 0.16217899341042075, 1.0, 1.0, 1.0]
---
[0.2456132103753501, 1.0, -1.0, -1.0, -1.0, -1.0]
---
[0.14573084969610972, 1.0, 0.02556942444824606, 0.28996638367133754, 1.0, 1.0]
---
[0.29241360552631757, 1.0, -1.0, -1.0, -1.0, -0.9744495244869267]
---
[0.161223531171106, 1.0, 0.44590077925456006, 1.0, 1.0, 1.0]
---
[0.1762797457008661, 1.0, -1.0, -1.0, -1.0, -1.0]
---
[0.046352190147758265, 1.0, 0.4584575964036274, 1.0, 1.0, 1.0]
---
[0.07339887489198982, 1.0, -1.0, -1.0, -1.0, -1.0]
---
[-0.0400121099697171, 1.0, 0.5132410002159128, 1.0, 1.0, 1.0]
---
[-0.008368318700394672, 1.0, -1.0, -1.0, -1.0, -1.0]
---
[-0.03755456139872648, 1.0, 0.020506748392300933, 1.0, 1.0, 1.0]
---
[-0.05508265111873506, 1.0, -1.0, -1.0, -1.0, -1.0]
---
[-0.22250842050334557, 1.0, 0.3868496198032467, 1.0, 1.0, 1.0]
---
[-0.13357155987694064, 1.0, -1.0, -1.0, -1.0, -1.0]
---
[-0.27092239429808673, 1.0, -0.04118284127052019, 1.0, 1.0, 1.0]
---
[-0.24256268750419807, 1.0, -1.0, -1.0, -1.0, -1.0]
---
[-0.39101828784176573, 1.0, 0.37981868746427694, 1.0, 1.0, 1.0]
---
[-0.2941241976349427, 1.0, -1.0, -1.0, -1.0, -1.0]
---
[]
---
[-0.4235432255771664, 1.0, -0.0062684615299472, 1.0, 1.0, 1.0]
---
[-0.39454943475293347, 1.0, -1.0, -1.0, -1.0, -1.0]
---
[-0.5356297801188884, 1.0, 0.35205873158715184, 1.0, 1.0, 1.0]
---
[-0.4297913419060525, 1.0, -1.0, -1.0, -1.0, -1.0]
---
[-0.5624533058082619, 1.0, 0.044641928561657274, 1.0, 1.0, 1.0]
---
[-0.5309093891099228, 1.0, -1.0, -1.0, -1.0, -1.0]
---
[-0.6650178821220529, 1.0, 0.31043401424289196, 1.0, 1.0, 1.0]
---
[-0.5527459005522883, 1.0, -1.0, -1.0, -1.0, -1.0]
---
[-0.6891275837102318, 1.0, 0.11010739117003332, 1.0, 1.0, 1.0]
---
[-0.6542387796849491, 1.0, -1.0, -1.0, -1.0, -1.0]
---
[-0.7798766809707208, 1.0, 0.2536701397023404, 1.0, 1.0, 1.0]
---
[-0.8661280138458471, 1.0, -1.0, -0.4441289158414309, -1.0, -1.0]
---
[-0.9524364384137642, 1.0, -0.06810907000258126, 1.0, 1.0, 1.0]
---
[-1.0, 1.0, -0.39014706600901017, -1.0, -1.0, -1.0]
---
[-1.0, 1.0, -0.04150053349697502, 1.0, 1.0, 1.0]
---
[-1.0, 1.0, -1.0, -1.0, -1.0, -1.0]
---
[-1.0, 1.0, 0.07801518642358918, 1.0, 1.0, 1.0]
---
[-1.0, 1.0, -1.0, -1.0, -1.0, -1.0]
---
[-1.0, 1.0, 0.012364771290170995, 1.0, 1.0, 1.0]
---
[-1.0, 1.0, -1.0, -1.0, -1.0, -1.0]
---
[]
---
[-1.0, 1.0, -0.3230185769795896, 1.0, 1.0, 1.0]
---
[-1.0, 1.0, -0.813866572312524, -0.7126944946002414, -1.0, -1.0]
---
[-1.0, 1.0, -0.3157450546025985, 1.0, 1.0, 1.0]
---
[-1.0, 1.0, -0.9580734903160408, -0.25637010809212835, -1.0, -1.0]
---
[-1.0, 1.0, -0.053323171899288146, 1.0, 1.0, 1.0]
---
[-1.0, 1.0, -0.9068329872045607, 0.0, -1.0, -1.0]
---
[-1.0, 1.0, -0.07817156128506952, 1.0, 1.0, 1.0]
---
[-1.0, 1.0, -0.8706141099246476, 0.0, -1.0, -1.0]
---
[-1.0, 1.0, 0.03947011391407673, 1.0, 1.0, 1.0]
---
[-1.0, 1.0, -0.888509963852908, -0.08861890099374925, -1.0, -1.0]
---
[-1.0, 1.0, -0.05667275615213119, 1.0, 1.0, 1.0]
---
[-1.0, 1.0, -0.9649190770049338, -0.09130514840910875, -1.0, -1.0]
---
[-1.0, 1.0, -0.04028939467533399, 1.0, 1.0, 1.0]
---
[-1.0, 1.0, -0.8616196575363058, -0.01981365950859293, -1.0, -1.0]
---
[-1.0, 1.0, -0.15190419087221224, 1.0, 1.0, 0.9278736379579129]
---
[-1.0, 1.0, -0.747575673402457, 0.0, -1.0, -1.0]
---
[-1.0, 1.0, -0.18988401513762548, 1.0, 1.0, 0.47225522295221767]
---
[-1.0, -0.049036542854935306, -0.3061616990660149, 0.0, -1.0, -1.0]
---
[-1.0, -0.7951939723451602, 1.0, 1.0, 1.0, 1.0]
---
[]
---
[-1.0, -1.0, -0.7966709181917523, -0.9926955521755239, -1.0, -1.0]
---
[-1.0, -1.0, 0.8449254261295657, 1.0, 1.0, 1.0]
---
[-1.0, -1.0, 0.3200024653592245, -0.5234312125596068, -1.0, -1.0]
---
[-1.0, -1.0, 1.0, 1.0, 1.0, 0.2668928882666117]
---
[0.0, -1.0, -0.5223786059608404, -0.25944030976629984, -1.0, -1.0]
---
[0.0, -1.0, 1.0, 1.0, 1.0, 1.0]
---
[0.0, -1.0, -0.8297285357990813, -0.7846336335461683, -1.0, -1.0]
---
[0.0, 0.0, 1.0, 1.0, 1.0, 1.0]
---
[0.0, 0.0, -0.17242920523592672, -0.3311055728966674, -1.0, -1.0]
---
[0.0, 0.0, 1.0, 1.0, 1.0, 0.3225830073915925]
---
[0.0, 0.0, -0.8824361910057352, -0.9177501358962403, -1.0, -1.0]
---
[0.0, 0.0, 1.0, 1.0, 1.0, 1.0]
---
[0.0, -1.0, -1.0, -1.0, -1.0, -1.0]
---
[0.0, 0.0, 1.0, 1.0, 1.0, 0.5506245359915525]
---
[0.0, 0.0, -0.8947792724841819, -0.21679421558546963, -1.0, -1.0]
---
[0.0, 0.0, 0.8866478058761816, 1.0, 1.0, 0.6534078412390958]
---
[0.0, 0.0, -1.0, -0.7717893399712352, -1.0, -1.0]
---
[0.0, 0.0, 1.0, 1.0, 1.0, 1.0]
---
[0.0, 0.0, -1.0, -1.0, -1.0, -1.0]
---
[0.0, 0.0, 1.0, 1.0, 1.0, 0.8950430316090872]
---
[]
---
[0.0, 0.0, -0.9186952926156644, -0.19251273189942886, -1.0, -1.0]
---
[0.0, 0.0, 0.9515470835507699, 1.0, 1.0, 0.5697747639540269]
---
[0.0, 0.0, -1.0, -0.9908891761071068, -1.0, -1.0]
---
[0.0, 0.0, 1.0, 1.0, 1.0, 0.7143663704222947]
---
[0.0, 0.0, -0.5249120573032879, -1.0, -1.0, -1.0]
---
[0.0, 0.0, 0.8428495662316308, 1.0, 1.0, 0.11356846682571575]
---
[0.0, 0.0, -1.0, -0.6632989087421124, -1.0, -1.0]
---
[0.0, 0.0, 0.9178355626149752, 1.0, 1.0, 1.0]
---
[0.0, 0.0, -1.0, -0.7682011522106023, -1.0, -1.0]
---
[0.0, 0.0, 1.0, 1.0, 1.0, 1.0]
---
[0.0, 0.0, -1.0, -0.7005998801927755, -1.0, -1.0]
---
[0.0, 0.6502706355475212, 0.5352363535320643, 1.0, 1.0, 0.7338290241339598]
---
[0.0, 1.0, -0.657913865641476, -0.9826571812054041, -1.0, -1.0]
---
[0.0, 1.0, 0.359491421935363, 1.0, 1.0, 0.8216412077830642]
---
[0.0, 1.0, -1.0, -0.8132664237179843, -1.0, -1.0]
---
[0.0, 1.0, 0.10760013251015899, 1.0, 1.0, 0.43022664765042773]
---
[0.0, 1.0, -0.9312805430110558, -1.0, -1.0, -1.0]
---
[0.0, 1.0, 0.4832931674893215, 1.0, 1.0, 1.0]
---
[0.0, 1.0, -1.0, -0.6342429372060643, -1.0, -1.0]
---
[0.0, 1.0, 0.1993259862935399, 1.0, 1.0, 0.6736924950898002]
---
[]
---
[0.0, 1.0, -0.7267862298238383, -0.9427248202746119, -1.0, -1.0]
---
[0.0, 1.0, 0.5458260392867194, 1.0, 1.0, 1.0]
---
[0.0, 1.0, -1.0, -0.6150863595070541, -1.0, -1.0]
---
[0.0, 1.0, 0.1938304318932087, 1.0, 1.0, 0.0]
---
[0.0, 0.8239440457790252, -1.0, -1.0, -1.0, -1.0]
---
[0.0, 0.8295385755844875, 0.5151147312806461, 1.0, 1.0, 0.5016736933959614]
---
[0.0, 0.42747200338339675, -0.7147520689032733, -1.0, -1.0, -1.0]
---
[0.0, 0.49020929264562807, 0.9730046110431285, 1.0, 1.0, 1.0]
---
[0.0, -0.06790415723029986, -1.0, -0.5185340852059914, -1.0, -1.0]
---
[0.0, 0.2072399746091136, 0.8250935032956703, 1.0, 1.0, 0.0]
---
[0.0, -0.25625071597045945, -1.0, -0.9853436439231267, -1.0, -1.0]
---
[0.0, -0.029207746096850506, 0.8280122972330939, 1.0, 1.0, 1.0]
---
[0.0, -0.41536394642937946, -1.0, -0.3970386800271477, -1.0, -1.0]
---
[0.0, 0.017440593981023378, 1.0, 1.0, 1.0, 0.43538148066000293]
---
[0.0, -0.33757781810259146, -0.4609482877003056, -0.9670057626040953, -1.0, -1.0]
---
[0.0, -0.1617128581852969, 0.9201643403454698, 1.0, 1.0, 1.0]
---
[0.0, -0.4970553586606763, -1.0, -0.33701883512202224, -1.0, -1.0]
---
[0.0, -0.05109208051350089, 1.0, 1.0, 1.0, 0.0]
---
[0.0, -0.3847822243579013, -0.40625570973925584, -1.0, -1.0, -1.0]
---
[0.0, -0.2884683086163242, 0.6348122362985268, 1.0, 1.0, 1.0]
---
[]
---
[0.0, -0.5028153448821744, -1.0, -0.39023845115340317, -1.0, -1.0]
---
[0.0, -0.010930489717078329, 1.0, 1.0, 1.0, 0.2774506483580339]
---
[0.0, -0.325588365539454, -0.24325680900897537, -0.9576437816925671, -1.0, -1.0]
---
[0.0, -0.27147108218243954, 0.6325187674953786, 1.0, 1.0, 1.0]
---
[0.0, -0.4571084632251353, -1.0, -0.26754176274963903, -1.0, -1.0]
---
[0.0, 0.008306692856138498, 1.0, 1.0, 1.0, 0.06328844224753905]
---
[0.0, -0.3087596086984393, -0.24163816224838955, -1.0, -1.0, -1.0]
---
[0.0, -0.19843432677091044, 0.6949825163246172, 1.0, 1.0, 1.0]
---
[0.0, -0.40758209887355323, -1.0, -0.32862439895635065, -1.0, -1.0]
---
[0.0, 0.04236953219940953, 1.0, 1.0, 1.0, 0.0]
---
[0.0, -0.2859453894784314, -0.441017153506719, -0.946538799584109, -1.0, -1.0]
---
[0.0, -0.1967949019964339, 0.5600235558414777, 1.0, 1.0, 1.0]
---
[0.0, -0.3850728574956159, -1.0, -0.18542341171133092, -1.0, -1.0]
---
[0.0, -0.050540614303412945, 0.8864928887443172, 0.0, 1.0, 0.08021515917416622]
---
[0.0, -0.2894960468736172, 0.09507997850903384, 1.0, -1.0, -1.0]
---
[0.0, -0.5417846556796113, -1.0, 1.0, 1.0, 0.0]
---
[0.0, -0.232268724529969, -0.5129907948218679, -1.0, -1.0, -1.0]
---
[0.0, -0.07729248740879349, -0.3198625923334925, -1.0, 1.0, 0.38609900845246603]
---
[0.0, 0.062128071700490006, 0.3898299009554543, 1.0, -1.0, -1.0]
---
[0.0, -0.0791557371502374, -0.4859698986465354, -0.6197010570378767, 0.9978122708218935, 0.26010151027481143]
---
[0.0, 0.09774094031267036, 0.5094451955389577, 1.0, -1.0, 0.0]
---
[]
---
[0.0, 0.02607913956645508, -0.08873207242055697, -1.0, 0.3787755319419599, 0.0]
---
[0.0, -0.10467148350007859, -0.1898790616252497, 1.0, -1.0, -1.0]
---
[0.0, -0.030280443148868144, -0.3317683759374841, -0.5639857979381482, 1.0, 0.0]
---
[0.0, 0.11138582564823332, 0.6594303785876037, 1.0, -1.0, -1.0]
---
[0.0, -0.24239889539614265, -0.78775987842782, -1.0, 1.0, 1.0]
---
[0.0, 0.060588870838475056, 0.34100206690103774, 1.0, -1.0, -1.0]
---
[0.0, -0.08248722073482186, -0.433229400106966, -0.7803871781983744, 1.0, 0.4740063751677175]
---
[0.0, 0.11628118717209648, 0.605429214849948, 1.0, -1.0, -1.0]
---
[0.0, -0.030238033397112937, -0.3449384750977261, -1.0, 0.6607410714077453, 0.0]
---
[0.0, 0.07331497374538543, 0.34045702256679855, 1.0, -1.0, -1.0]
---
[0.0, -0.030390894131577084, -0.4080268987686639, -0.5404761196314771, 0.6290985581068842, 0.0]
---
[0.0, -0.08003487011332938, -0.0363557021944053, 1.0, -1.0, -1.0]
---
[0.0, 0.015262927060686687, -0.3674197605041922, -0.017396119895963125, 1.0, 0.0]
---
[0.0, 0.0575346519441934, 0.2490665765907515, 1.0, -1.0, -1.0]
---
[0.0, -0.13984871988038214, -0.7197555378259887, -0.27704322040497775, 1.0, 1.0]
---
[0.0, 0.12701725327855215, 0.5585215434802706, 1.0, -1.0, -1.0]
---
[0.0, -0.06722877660159089, -0.5062913415649541, -0.5030246776216334, 0.6803424499163881, 0.047663056735474996]
---
[0.0, 0.15312114858080944, 0.8290669878779585, 1.0, -1.0, -1.0]
---
[]
---
[0.0, -0.18747829986894562, -0.7081995751400739, -1.0, 1.0, 1.0]
---
[0.0, 0.08386849882838646, 0.43073662082847186, 1.0, -1.0, -1.0]
---
[0.0, -0.06728399679966401, -0.44538981464911964, -0.6918935218804734, 1.0, 0.5197262359066093]
---
[0.0, 0.14620583598277456, 0.7611921071117478, 1.0, -1.0, -1.0]
---
[0.0, -0.2442203889884061, -0.7195336106525309, -1.0, 1.0, 1.0]
---
[0.0, 0.155865780290881, 0.6483115738397418, 1.0, -1.0, -1.0]
---
[0.0, -0.008983233405831133, -0.38591528307581285, -0.4345219413610204, 0.7134551328552607, 0.0]
---
[0.0, 0.16285207341956798, 0.8788206216454248, 1.0, -1.0, -1.0]
---
[0.0, -0.19348128940689036, -0.6645953869340111, -1.0, 1.0, 1.0]
---
[0.0, 0.12298350624473481, 0.5312007212558615, 1.0, -1.0, -1.0]
---
[0.0, -0.03534675480792063, -0.44407645909999255, -0.5341533171236099, 0.8960435746665283, 0.11205819988395316]
---
[0.0, 0.1475098358204778, 0.7836567062238922, 1.0, -1.0, -1.0]
---
[0.0, -0.20028955271081944, -0.8034541907352838, -0.8737535811312584, 1.0, 1.0]
---
[0.0, 0.09344366836840856, 0.39666208332312547, 1.0, -1.0, -1.0]
---
[0.0, -0.04078830222228412, -0.5034957223397281, -0.15244341562564845, 1.0, 0.31660255155437245]
---
[0.0, 0.10779992195554898, 0.4215393706388381, 1.0, -1.0, -1.0]
---
[0.0, -0.01607561822750756, -0.4138632960947679, -0.5354848011254489, 0.9706619606141285, 0.0]
---
[0.0, 0.1469443113167902, 0.7774569661526938, 1.0, -1.0, -1.0]
---
[0.0, -0.19396332299847027, -0.8398041236626071, -0.661073150146839, 1.0, 1.0]
---
[0.0, 0.14771601914073287, 0.7308432031691137, 1.0, -1.0, -1.0]
---
[0.0, -0.24736611996787272, -0.838595565452823, -1.0, 1.0, 1.0]
---
[]
---
[0.0, 0.10931827077672845, 0.4996863998789231, 1.0, -1.0, -1.0]
---
[0.0, -0.048931246856155054, -0.5250611912218244, -0.15865972536348671, 1.0, 0.31333967414533426]
---
[0.0, 0.11171016416423951, 0.4367038126697675, 1.0, -1.0, -1.0]
---
[0.0, -0.036769581018775886, -0.4936728590547092, -0.32347813856340757, 1.0, 0.0714628914428026]
---
[0.0, 0.11378050074528162, 0.5146427598412453, 1.0, -1.0, -1.0]
---
[0.0, -0.31675870514646476, -0.8803984046922899, -1.0, 1.0, 1.0]
---
[0.0, 0.1211777178949523, 0.3665381071748567, 1.0, -1.0, -1.0]
---
[0.0, -0.09220731135579015, -0.5175367243501666, -0.9815200374782282, 0.6150304078383426, 0.3638970801428121]
---
[0.0, 0.12005364455884086, 0.5083693015344076, 1.0, -1.0, -1.0]
---
[0.0, -0.14314589241779932, -0.705651431387667, -0.9147131009134588, 1.0, 0.6098850045542923]
---
[0.0, 0.08562587121765955, 0.3793047366049115, 1.0, -1.0, -1.0]
---
[0.0, -0.09123251815782453, -0.5681087119033664, -0.5282274776972198, 1.0, 0.3979479123612588]
---
[0.0, 0.15426722421829706, 0.8140157527658899, 1.0, -1.0, -1.0]
---
[0.0, -0.2685070807191644, -0.8757412212553972, -1.0, 1.0, 1.0]
---
[0.0, 0.14316330637581406, 0.5972301047008982, 1.0, -1.0, -1.0]
---
[0.0, -0.07867153104397348, -0.5658506333477629, -0.6214469426613842, 0.6733212831437472, 0.01571291732930824]
---
[0.0, 0.18721836375306158, 1.0, 1.0, -1.0, -1.0]
---
[0.0, -0.10870801148108489, -0.7348907289836841, -0.4464369153182606, 1.0, 1.0]
---
[0.0, 0.20052155050006631, 1.0, 1.0, -1.0, -1.0]
---
[0.0, -0.12175558982437641, -0.5629204085775925, -1.0, 1.0, 1.0]
---
[0.0, 0.1326549865657078, 0.6560668872366353, 1.0, -1.0, -1.0]
---
[]
---
[0.0, -0.031038813742540985, -0.49887021951245614, -0.30296196852008705, 0.9852466963193631, 0.0]
---
[0.0, 0.12261384745144113, 0.554432503952871, 1.0, -1.0, -1.0]
---
[0.0, -0.3094596940606653, -0.8852075475083518, -1.0, 1.0, 1.0]
---
[0.0, 0.1356706933454354, 0.45035297293975807, 1.0, -1.0, -1.0]
---
[0.0, -0.10079738131720237, -0.5603628089356028, -0.8964941808874958, 0.6119085378214031, 0.3937551904357761]
---
[0.0, 0.17357844394168914, 0.866917498963713, 1.0, -1.0, -1.0]
---
[0.0, -0.29507121191976493, -0.9059572164624683, -1.0, 1.0, 1.0]
---
[0.0, 0.1690339041529201, 0.6522995586188304, 1.0, -1.0, -1.0]
---
[0.0, -0.08173903982485188, -0.5207387742369856, -1.0, 0.5556209804651839, 0.05817630794603623]
---
[0.0, 0.1226044011491304, 0.43620876898455496, 1.0, -1.0, -1.0]
---
[0.0, -0.10294916493635582, -0.5961649428652941, -0.6954039956583724, 0.6622825690089114, 0.33300655922569966]
---
[0.0, 0.21081006783552117, 1.0, 1.0, -1.0, -1.0]
---
[0.0, -0.03502877168120232, -0.5044797007404005, -0.6442129820194094, 1.0, 1.0]
---
[0.0, 0.19441329097318633, 0.9752532272806407, 1.0, -1.0, -1.0]
---
[0.0, -0.253609942375827, -0.8773976882515511, -1.0, 1.0, 1.0]
---
[0.0, 0.17395532670695382, 0.7293362374173622, 1.0, -1.0, -1.0]
---
[0.0, -0.09419588727895886, -0.5933929521564157, -0.7268280502846016, 0.6248605410735282, 0.05707632967922649]
---
[0.0, 0.20842977133886553, 1.0, 1.0, -1.0, -1.0]
---
[0.0, -0.10804469452123605, -0.7349868301238582, -0.5660389223557498, 1.0, 1.0]
---
[0.0, 0.1956320753906672, 1.0, 1.0, -1.0, -1.0]
---
[0.0, -0.3007071838523382, -1.0, -1.0, 1.0, 1.0]
---
[]
---
[0.0, 0.11656463987378551, 0.5625718272879066, 1.0, -1.0, -1.0]
---
[0.0, -0.08736083358938901, -0.7032567078198616, 0.0, 1.0, 0.3919141469219882]
---
[0.0, -0.21620136937573392, -0.8815212763561884, -0.9526474155657958, 1.0, 1.0]
---
[0.0, 0.16481422867113607, 0.6495581153657036, 1.0, -1.0, -1.0]
---
[0.0, 0.2078168467085943, 1.0, 1.0, -1.0, -1.0]
---
[0.0, -0.22627673717894012, -0.8543002448161979, -1.0, 1.0, 1.0]
---
[0.0, 0.11126385406949636, 0.6363400899435693, 1.0, -1.0, -1.0]
---
[0.0, -0.04401395056689772, -0.5821875170449414, -0.17060388380319758, 1.0, 0.0]
---
[0.0, 0.11030370851520392, 0.43786766770417285, 1.0, -1.0, -1.0]
---
[0.0, -0.2855294130993281, -0.7249914636772141, -1.0, 1.0, 1.0]
---
[0.0, 0.17019214379415157, 0.6673147521894773, 1.0, -1.0, -1.0]
---
[0.0, -0.1044802495488481, -0.6907439140779114, -0.18841439634675794, 0.8842209612780234, 0.20323180573754218]
---
[0.0, 0.15159774854628214, 0.6774461571763186, 1.0, -1.0, -1.0]
---
[0.0, -0.2492655253981619, -0.9526272102888963, -1.0, 1.0, 1.0]
---
[0.0, -0.12458737636467351, -0.7031313779984065, -0.6477166796673934, 0.8363987470004286, 0.34499786765245055]
---
[0.0, -0.08950626861886773, -0.7053948776129298, -0.13716187588646545, 0.973324588576066, 0.003486050644792904]
---
[0.0, 0.09469164565436118, 0.30717902190339114, 1.0, -1.0, -1.0]
---
[0.0, -0.29367635607890935, -0.8869481590127919, -1.0, 1.0, 1.0]
---
[0.0, 0.16138579007590945, 0.6537837645157889, 1.0, -1.0, -1.0]
---
[0.0, -0.12547603527251816, -0.6746511007662666, -0.6603595145795431, 0.6373839443476728, 0.4527385147188543]
---
[0.0, 0.22948713623412242, 1.0, 1.0, -1.0, -1.0]
---
[]
---
[0.0, -0.11165730265090915, -0.7029071995557519, -0.8429391641637123, 1.0, 1.0]
---
[0.0, 0.12471842982305738, 0.6774913603602536, 1.0, -1.0, -1.0]
---
[0.0, -0.10515245813025509, -0.738424930107856, -0.23647384205793376, 1.0, 0.10853498248398452]
---
[0.0, 0.12156313627626758, 0.5085915949680975, 1.0, -1.0, -1.0]
---
[0.0, -0.2634809962505049, -0.6031217534760984, -1.0, 1.0, 1.0]
---
[0.0, 0.18434918385229118, 0.770306844377954, 1.0, -1.0, -1.0]
---
[0.0, -0.17263782935974967, -0.49943967394916977, -1.0, 1.0, 0.7689411796329972]
---
[0.0, 0.15002642495297938, 1.0, 1.0, -1.0, -1.0]
---
[0.0, -0.07220364038134042, -0.7166772165498736, -0.7252816379696689, 1.0, 1.0]
---
[0.0, 0.15622088701839917, 0.6922466444154575, 1.0, -1.0, -1.0]
---
[0.0, -0.1447875678593015, -0.7917383896176509, -0.4057858812994546, 0.8766579728849342, 0.36714984662796013]
---
[0.0, 0.21632961215838975, 1.0, 1.0, -1.0, -1.0]
---
[0.0, -0.25787308780849444, -0.848102222529855, -1.0, 1.0, 1.0]
---
[0.0, 0.19074316339403571, 0.7790991491449942, 1.0, -1.0, -1.0]
---
[0.0, -0.09444510374420953, -0.5891597578211786, -1.0, 0.47939069769354337, 0.0]
---
[0.0, 0.21191033619120916, 0.9591675706871696, 1.0, -1.0, -1.0]
---
[]
---
[0.0, -0.2602056153714194, -0.7100201117252445, -1.0, 1.0, 1.0]
---
[0.0, 0.18725780144156162, 0.6795444387123984, 1.0, -1.0, -1.0]
---
[0.0, -0.12167863454208355, -0.6230221480321758, -1.0, 0.5554438849363317, 0.3669080405721594]
---
[0.0, 0.2036171693705736, 0.846246293527817, 1.0, -1.0, -1.0]
---
[0.0, -0.10731366561457482, -0.6349049994255871, -1.0, 0.7807348808801899, 0.0]
---
[0.0, 0.13642644448285776, 0.6132862449617077, 1.0, -1.0, -1.0]
---
[0.0, -0.1392132737690432, -0.7646260745795649, -0.4783959791290435, 0.6879444442506566, 0.30344073322665643]
---
[0.0, 0.24945426326075587, 1.0, 1.0, -1.0, -1.0]
---
[0.0, -0.1743361774943257, -0.7953961621568029, -1.0, 1.0, 1.0]
---
[0.0, 0.09834586088617744, 0.6642665817394523, 1.0, -1.0, -1.0]
---
[0.0, -0.09591764019676975, -0.7898321044290425, -0.02923709885451231, 1.0, 0.0]
---
[0.0, 0.10000388639583349, 0.30520831096386564, 1.0, -1.0, -1.0]
---
[0.0, -0.268818741183277, -1.0, -0.30564228584551145, 1.0, 1.0]
---
[0.0, 0.2326502903295316, 1.0, 1.0, -1.0, -1.0]
---
[0.0, -0.2721026068806134, -0.8188330984309862, -1.0, 1.0, 1.0]
---
[0.0, 0.21335753155179374, 0.8562538871930642, 1.0, -1.0, -1.0]
---
[0.0, -0.12678041520075461, -0.6545792277012096, -1.0, 0.45895543606810474, 0.34114998581849143]
---
[0.0, 0.23631959559187068, 1.0, 1.0, -1.0, -1.0]
---
[0.0, -0.25978515032876004, -0.6415305683399294, -1.0, 1.0, 1.0]
---
[0.0, 0.21434791373738274, 0.8698845119454122, 1.0, -1.0, -1.0]
---
[0.0, -0.14695638480874326, -0.8399127802647267, -0.3072121347818042, 0.8996583767583681, 0.10497990813087554]
---
[0.0, 0.18050354414540615, 0.9230049055632086, 1.0, -1.0, -1.0]
---
[]
---
[0.0, -0.25283600625481784, -0.6638743049773751, -1.0, 1.0, 1.0]
---
[0.0, 0.2109338914408702, 0.7668743288517273, 1.0, -1.0, -1.0]
---
[0.0, -0.13365444106748572, -0.6791474244283691, -0.9730450070040559, 0.5910144893590639, 0.3797021937302887]
---
[0.0, 0.22572215587919045, 0.9617310152465265, 1.0, -1.0, -1.0]
---
[0.0, -0.13096442630887264, -0.7316839340496677, -1.0, 0.7456528704129743, 0.0]
---
[0.0, 0.16484462514870393, 0.7348853710591079, 1.0, -1.0, -1.0]
---
[0.0, -0.1335951230084905, -0.7542661515341874, -0.704142393342412, 0.6124730966267196, 0.055408652527565216]
---
[0.0, 0.2663587075076307, 1.0, 1.0, -1.0, -1.0]
---
[0.0, -0.14421117318899215, -0.9244738436612459, -0.6111740005366233, 1.0, 1.0]
---
[0.0, 0.24883706409171616, 1.0, 1.0, -1.0, -1.0]
---
[0.0, -0.3039378253773627, -1.0, -1.0, 1.0, 1.0]
---
[0.0, 0.05524315213994719, 0.5360955844309978, 1.0, -1.0, -1.0]
---
[0.0, -0.10470041631309757, -0.6229725319882204, -1.0, 1.0, 0.7728811705897902]
---
[0.0, 0.04237831372450538, 0.5722633825814567, 1.0, -1.0, -1.0]
---
[0.0, -0.13670123568125478, -0.7543674318211698, -1.0, 1.0, 0.48576795555238395]
---
[0.0, 0.031221032152856015, 0.41482745246538294, 1.0, -1.0, -1.0]
---
[0.0, -0.11128133269365076, -0.7360553270208469, -0.6350185618503748, 1.0, 0.34051668881746]
---
[0.0, 0.2589171632590047, 1.0, 1.0, -1.0, -1.0]
---
[0.0, -0.10349434391648482, -0.797107973850108, -0.6367340699971136, 1.0, 1.0]
---
[0.0, 0.17054401568244376, 1.0, 1.0, -1.0, -1.0]
---
[]
---
[0.0, -0.208563386491735, -0.7502914300801716, -1.0, 1.0, 0.4058727094938739]
---
[0.0, 0.22768999796092373, 1.0, 1.0, -1.0, -1.0]
---
[0.0, -0.15131879648527324, -0.8537418083158594, -1.0, 0.6970818884625833, 0.0]
---
[0.0, 0.15644265724060366, 0.7103377351311686, 1.0, -1.0, -1.0]
---
[0.0, -0.1622931645702847, -0.8787254274672354, -0.44120500912830796, 0.5910133404616298, 0.3381486433009222]
---
[0.0, 0.28924914340953006, 1.0, 1.0, -1.0, -1.0]
---
[0.0, -0.21640209912426905, -1.0, -1.0, 1.0, 1.0]
---
[0.0, 0.05122704549345296, 0.607377683269794, 1.0, -1.0, -1.0]
---
[0.0, -0.1251801288463218, -0.9334286506872989, -0.12105100324675, 1.0, 0.0750389635978932]
---
[0.0, 0.16740570414248895, 0.7410415918058567, 1.0, -1.0, -1.0]
---
[0.0, -0.20182568302370535, -0.48380489554711015, -1.0, 1.0, 1.0]
---
[0.0, 0.272697255763232, 1.0, 1.0, -1.0, -1.0]
---
[0.0, -0.2164528221303808, -0.5064869616427211, -1.0, 1.0, 1.0]
---
[0.0, 0.2644437647279793, 1.0, 1.0, -1.0, -1.0]
---
[0.0, -0.20421340817605016, -0.5028731167770387, -1.0, 1.0, 1.0]
---
[0.0, 0.2387588248080627, 1.0, 1.0, -1.0, -1.0]
---
[0.0, -0.25341096775558697, -0.6673015391990509, -1.0, 1.0, 1.0]
---
[0.0, 0.2288625417199251, 0.9874458947699836, 1.0, -1.0, -1.0]
---
[0.0, -0.16683826654961414, -0.7867024088192802, -0.9723531007367496, 0.5674004658842691, 0.3666010358457079]
---
[]
---
[0.0, 0.21759711427556502, 0.9875519168271907, 1.0, -1.0, -1.0]
---
[0.0, -0.17374845616576823, -0.8887533974797591, -1.0, 0.8171082133482788, 0.0]
---
[0.0, 0.16829231238512496, 0.8385810718819289, 1.0, -1.0, -1.0]
---
[0.0, -0.193812219058533, -1.0, -0.3455116021158178, 0.734029328291042, 0.4323813487172288]
---
[0.0, 0.28024254815620886, 1.0, 1.0, -1.0, -1.0]
---
[0.0, -0.23294118098309982, -0.8551432392885626, -1.0, 1.0, 1.0]
---
[0.0, 0.18130980807551272, 0.9451325860663284, 1.0, -1.0, -1.0]
---
[0.0, -0.15352781573460753, -0.8677617587076921, -0.9862126567683083, 0.6000681561810692, 0.0]
---
[0.0, 0.18881945523706528, 0.8153828098124551, 1.0, -1.0, -1.0]
---
[0.0, -0.1761881163039639, -0.892934958085791, -0.8575024387747083, 0.5475163331607442, 0.2912499626285596]
---
[0.0, 0.3072261475152685, 1.0, 1.0, -1.0, -1.0]
---
[0.0, -0.15958059863440038, -1.0, -0.7093743321183936, 1.0, 1.0]
---
[0.0, 0.17345782404323992, 0.9987559549903485, 1.0, -1.0, -1.0]
---
[0.0, -0.19315146270361883, -0.8333004855040508, -1.0, 1.0, 0.6220535156221336]
---
[0.0, 0.12018768887172362, 0.8085122326679448, 1.0, -1.0, -1.0]
---
[0.0, -0.13180592188045212, -0.9749054584989424, 0.0, 1.0, 0.2659866922328762]
---
[0.0, 0.16859572133903167, 0.5912055728047477, 1.0, -1.0, -1.0]
---
[0.0, -0.25575326210288024, -1.0, -1.0, 1.0, 1.0]
---
[0.0, 0.17537145627501038, 1.0, 1.0, -1.0, -1.0]
---
[0.0, -0.15821694113894827, -1.0, 0.0, 1.0, 0.4186113425216984]
---
[]
---
[0.0, 0.21200949918061848, 0.9449389542012874, 1.0, -1.0, -1.0]
---
[0.0, -0.18158871531674584, -0.9422059479694682, -1.0, 1.0, 1.0]
---
[0.0, 0.13664644192320993, 1.0, 1.0, -1.0, -1.0]
---
[0.0, -0.144813888014992, -1.0, -0.8223669359648511, 0.6231696270736022, 0.0]
---
[0.0, 0.21472495030002756, 1.0, 1.0, -1.0, -1.0]
---
[0.0, -0.2586081526604247, -1.0, -1.0, 1.0, 1.0]
---
[0.0, 0.1778144654135497, 1.0, 1.0, -1.0, -1.0]
---
[0.0, -0.15804173807637562, -1.0, 0.0, 1.0, 0.4165240399679915]
---
[0.0, 0.21492631650826208, 0.9644510124843169, 1.0, -1.0, -1.0]
---
[0.0, -0.18282595699575316, -0.9592187735548501, -1.0, 1.0, 1.0]
---
[0.0, 0.13330205764223296, 1.0, 1.0, -1.0, -1.0]
---
[0.0, -0.1398135748128697, -1.0, -0.8184498888157297, 0.6255197024199122, 0.0]
---
[0.0, 0.21097773092525351, 1.0, 1.0, -1.0, -1.0]
---
[0.0, -0.25884119013059415, -1.0, -1.0, 1.0, 1.0]
---
[0.0, 0.17997665094583562, 1.0, 1.0, -1.0, -1.0]
---
[0.0, -0.15932065748010957, -1.0, 0.0, 1.0, 0.4157072188605939]
---
[0.0, 0.21738700004294262, 0.9779425467017295, 1.0, -1.0, -1.0]
---
[0.0, -0.18322695437334205, -0.9737505417874104, -1.0, 1.0, 1.0]
---
[0.0, 0.12866687878394978, 1.0, 1.0, -1.0, -1.0]
---
[0.0, -0.1349723165725126, -1.0, -0.8161372899440984, 0.6250613687198201, 0.0]
---
[0.0, 0.208169360725215, 1.0, 1.0, -1.0, -1.0]
---
[]
---
[0.0, -0.26001416263856625, -1.0, -1.0, 1.0, 1.0]
---
[0.0, 0.18198019807082372, 1.0, 1.0, -1.0, -1.0]
---
[0.0, -0.1593797713161268, -1.0, 0.0, 1.0, 0.4139438255694783]
---
[0.0, 0.21777072749686316, 0.9864531385494968, 1.0, -1.0, -1.0]
---
[0.0, -0.1835869762644896, -0.9871899019414966, -1.0, 1.0, 1.0]
---
[0.0, 0.1259518718381645, 1.0, 1.0, -1.0, -1.0]
---
[0.0, -0.13065174764336357, -0.9894512441172557, -0.8126615100179579, 0.6269158310245895, 0.0]
---
[0.0, 0.20592065058174394, 1.0, 1.0, -1.0, -1.0]
---
[0.0, -0.2585648113487673, -1.0, -1.0, 1.0, 1.0]
---
[0.0, 0.18307265578817075, 1.0, 1.0, -1.0, -1.0]
---
[0.0, -0.1589415126003847, -1.0, 0.0, 1.0, 0.4123750183357151]
---
[0.0, 0.21530666287618552, 0.9844732884985745, 1.0, -1.0, -1.0]
---
[0.0, -0.18330995887315987, -0.9974086457972431, -1.0, 1.0, 1.0]
---
[0.0, 0.12339077474140597, 1.0, 1.0, -1.0, -1.0]
---
[0.0, -0.12681373509516175, -0.9775866789849026, -0.8096899355608995, 0.6280523653950425, 0.0]
---
[0.0, 0.2040101782378113, 1.0, 1.0, -1.0, -1.0]
---
[0.0, -0.2580802674756394, -1.0, -1.0, 1.0, 1.0]
---
[0.0, 0.18236204243284565, 1.0, 1.0, -1.0, -1.0]
---
[0.0, -0.15924395191797058, -1.0, 0.0, 1.0, 0.41081238980217183]
---
[0.0, 0.21463727466124635, 0.9915244950428985, 1.0, -1.0, -1.0]
---
[]
---
[0.0, -0.18396845671017836, -1.0, -1.0, 1.0, 1.0]
---
[0.0, 0.11928826532285783, 1.0, 1.0, -1.0, -1.0]
---
[0.0, -0.12667486610715806, -0.983494735524939, -0.8048395644093347, 0.6337536286329506, 0.0]
---
[0.0, 0.2007014428670071, 1.0, 1.0, -1.0, -1.0]
---
[0.0, -0.2581881382005635, -1.0, -1.0, 1.0, 1.0]
---
[0.0, 0.1788555824049915, 1.0, 1.0, -1.0, -1.0]
---
[0.0, -0.15907358956413875, -1.0, 0.0, 1.0, 0.409012364342602]
---
[0.0, 0.21760530839736808, 1.0, 1.0, -1.0, -1.0]
---
[0.0, -0.18345631134866397, -1.0, -1.0, 1.0, 1.0]
---
[0.0, 0.11818914619036561, 1.0, 1.0, -1.0, -1.0]
---
[0.0, -0.12546686881985858, -0.9913460854749873, -0.8013006353377001, 0.6363378596983806, 0.0]
---
[0.0, 0.20006395798443288, 1.0, 1.0, -1.0, -1.0]
---
[0.0, 0.11810596156627218, 1.0, 1.0, -1.0, -1.0]
---
[0.0, 0.1770965955600462, 1.0, 1.0, -1.0, -1.0]
---
[0.0, -0.1565225028452434, -1.0, 0.0, 1.0, 0.4069266408687122]
---
[0.0, 0.21890512315626082, 1.0, 1.0, -1.0, -1.0]
---
[0.0, -0.18202931673725967, -1.0, -1.0, 1.0, 1.0]
---
[0.0, 0.117634007123048, 1.0, 1.0, -1.0, -1.0]
---
[]
---
[0.0, -0.12407746592711208, -0.9932374967211232, -0.7984845401973688, 0.6376953314444149, 0.0]
---
[0.0, 0.19922583286643822, 1.0, 1.0, -1.0, -1.0]
---
[0.0, -0.25073413728025806, -1.0, -1.0, 1.0, 1.0]
---
[0.0, 0.1749329724991202, 1.0, 1.0, -1.0, -1.0]
---
[0.0, -0.15492031626454952, -1.0, 0.0, 1.0, 0.40508158173174724]
---
[0.0, 0.2188887870090545, 1.0, 1.0, -1.0, -1.0]
---
[0.0, -0.1811083316145843, -1.0, -1.0, 1.0, 1.0]
---
[0.0, 0.116360215045445, 1.0, 1.0, -1.0, -1.0]
---
[0.0, -0.12303263447753178, -0.9934512625156396, -0.7959403340486917, 0.6387490933741331, 0.0]
---
[0.0, 0.19797298712216782, 1.0, 1.0, -1.0, -1.0]
---
[0.0, -0.24808496552700404, -1.0, -1.0, 1.0, 1.0]
---
[0.0, 0.17254754833020156, 1.0, 1.0, -1.0, -1.0]
---
[0.0, -0.15367511216168608, -1.0, 0.0, 1.0, 0.4033224126005974]
---
[0.0, 0.21840299321376547, 1.0, 1.0, -1.0, -1.0]
---
[0.0, -0.1803602717522789, -1.0, -1.0, 1.0, 1.0]
---
[0.0, 0.11486426011687918, 1.0, 1.0, -1.0, -1.0]
---
[0.0, -0.12213079227614679, -0.993125909636698, -0.7935251528108518, 0.6396720918737895, 0.0]
---
[0.0, 0.19659681753152292, 1.0, 1.0, -1.0, -1.0]
---
[0.0, -0.24557631817632658, -1.0, -1.0, 1.0, 1.0]
---
[]
---
[0.0, 0.17010784439469742, 1.0, 1.0, -1.0, -1.0]
---
[0.0, -0.15255169778842703, -1.0, 0.0, 1.0, 0.4015990611304865]
---
[0.0, 0.21779432280110836, 1.0, 1.0, -1.0, -1.0]
---
[0.0, -0.1796538328840045, -1.0, -1.0, 1.0, 1.0]
---
[0.0, 0.11334117232139329, 1.0, 1.0, -1.0, -1.0]
---
[0.0, -0.12129476772407911, -0.9927030586228158, -0.791182792589197, 0.6405463843799639, 0.0]
---
[0.0, 0.19521024353327182, 1.0, 1.0, -1.0, -1.0]
---
[0.0, -0.2430559298690458, -1.0, -1.0, 1.0, 1.0]
---
[0.0, 0.1676762572679662, 1.0, 1.0, -1.0, -1.0]
---
[0.0, -0.15146683642141387, -1.0, 0.0, 1.0, 0.3998863066111893]
---
[0.0, 0.21718273960479229, 1.0, 1.0, -1.0, -1.0]
---
[0.0, -0.1789454632270629, -1.0, -1.0, 1.0, 1.0]
---
[0.0, 0.11185636800281976, 1.0, 1.0, -1.0, -1.0]
---
[0.0, -0.12050099826779144, -0.9923210229002899, -0.7888928335091681, 0.64140904121352, 0.0]
---
[0.0, 0.19384925704590658, 1.0, 1.0, -1.0, -1.0]
---
[0.0, -0.24048120845439813, -1.0, -1.0, 1.0, 1.0]
---
[0.0, 0.16527170634458094, 1.0, 1.0, -1.0, -1.0]
---
[0.0, -0.1503999405957347, -1.0, 0.0, 1.0, 0.39817302404150023]
---
[0.0, 0.21659754271005321, 1.0, 1.0, -1.0, -1.0]
---
[0.0, -0.17822646474528128, -1.0, -1.0, 1.0, 1.0]
---
[0.0, 0.1104243996934416, 1.0, 1.0, -1.0, -1.0]
---
[0.0, -0.11974665470030113, -0.9920016919871683, -0.7866474556569383, 0.6422810099701719, 0.0]
---
[]
---
[0.0, 0.19252058459847957, 1.0, 1.0, -1.0, -1.0]
---
[0.0, -0.2378503457818462, -1.0, -1.0, 1.0, 1.0]
---
[0.0, 0.1628974212339097, 1.0, 1.0, -1.0, -1.0]
---
[0.0, -0.1493526835398515, -1.0, 0.0, 1.0, 0.39645487776886057]
---
[0.0, 0.21603673479794852, 1.0, 1.0, -1.0, -1.0]
---
[0.0, -0.17749975690887174, -1.0, -1.0, 1.0, 1.0]
---
[0.0, 0.10904327636394655, 1.0, 1.0, -1.0, -1.0]
---
[0.0, -0.11903536725642695, -0.9917306904875676, -0.7844431928156448, 0.643175991303869, 0.0]
---
[0.0, 0.19122200988830867, 1.0, 1.0, -1.0, -1.0]
---
[0.0, -0.23517331904917546, -1.0, -1.0, 1.0, 1.0]
---
[0.0, 0.16055246476524487, 1.0, 1.0, -1.0, -1.0]
---
[0.0, -0.148332397532984, -1.0, 0.0, 1.0, 0.39473072689743116]
---
[0.0, 0.21549091712428536, 1.0, 1.0, -1.0, -1.0]
---
[0.0, -0.1767706136721017, -1.0, -1.0, 1.0, 1.0]
---
[0.0, 0.10770786577704164, 1.0, 1.0, -1.0, -1.0]
---
[0.0, -0.11837168685174115, -0.991488273434057, -0.7822781984542111, 0.6441035576475014, 0.0]
---
[0.0, 0.18995009245430003, 1.0, 1.0, -1.0, -1.0]
---
[0.0, -0.23246114882438623, -1.0, -1.0, 1.0, 1.0]
---
[0.0, 0.15823587039083647, 1.0, 1.0, -1.0, -1.0]
---
[0.0, -0.1473461616941452, -1.0, 0.0, 1.0, 0.3930009308083635]
---
[]
---
[0.0, 0.2149514662534608, 1.0, 1.0, -1.0, -1.0]
---
[0.0, -0.1760435747520641, -1.0, -1.0, 1.0, 1.0]
---
[0.0, 0.10641420590811027, 1.0, 1.0, -1.0, -1.0]
---
[0.0, -0.11775934044122618, -0.9912588927490269, -0.7801514122860773, 0.6450704127993032, 0.0]
---
[0.0, 0.18870248154509536, 1.0, 1.0, -1.0, -1.0]
---
[0.0, -0.22972282764995633, -1.0, -1.0, 1.0, 1.0]
---
[0.0, 0.15594770893663537, 1.0, 1.0, -1.0, -1.0]
---
[0.0, -0.14639929703841853, -1.0, 0.0, 1.0, 0.391266582297475]
---
[0.0, 0.2144124004967629, 1.0, 1.0, -1.0, -1.0]
---
[0.0, -0.17532182415919276, -1.0, -1.0, 1.0, 1.0]
---
[0.0, 0.10516026042489776, 1.0, 1.0, -1.0, -1.0]
---
[0.0, -0.11720096061987442, -0.9910325447744301, -0.7780622846623624, 0.6460811493375238, 0.0]
---
[0.0, 0.18747817842361292, 1.0, 1.0, -1.0, -1.0]
---
[0.0, -0.22696508681236066, -1.0, -1.0, 1.0, 1.0]
---
[0.0, 0.15368905290442997, 1.0, 1.0, -1.0, -1.0]
---
[0.0, -0.14549542684663716, -1.0, 0.0, 1.0, 0.3895291928758269]
---
[0.0, -0.22585772371122792, -1.0, -1.0, 1.0, 1.0]
---
[0.0, -0.17460738783809712, -1.0, -1.0, 1.0, 1.0]
---
[0.0, -0.11669827686504566, -0.9908035805490418, -0.776010643874562, 0.6471388477036228, 0.0]
---
[0.0, -0.2247483390371565, -1.0, -1.0, 1.0, 1.0]
---
[]
---
[0.0, 0.18627718641936836, 1.0, 1.0, -1.0, -1.0]
---
[0.0, -0.22419296618391438, -1.0, -1.0, 1.0, 1.0]
---
[0.0, 0.1514616549337912, 1.0, 1.0, -1.0, -1.0]
---
[0.0, -0.144636930570173, -1.0, 0.0, 1.0, 0.38779053535188535]
---
[0.0, 0.21332254369018083, 1.0, 1.0, -1.0, -1.0]
---
[0.0, -0.17390149863021082, -1.0, -1.0, 1.0, 1.0]
---
[0.0, 0.10277049632912444, 1.0, 1.0, -1.0, -1.0]
---
[0.0, -0.11625237610766773, -0.9905691671875028, -0.7739965678430449, 0.6482455670506684, 0.0]
---
[0.0, 0.18510009709837402, 1.0, 1.0, -1.0, -1.0]
---
[0.0, -0.22141043355582868, -1.0, -1.0, 1.0, 1.0]
---
[0.0, 0.1492676370401438, 1.0, 1.0, -1.0, -1.0]
---
[0.0, -0.14382537319645552, -1.0, 0.0, 1.0, 0.3860525701121462]
---
[0.0, 0.2127686459967061, 1.0, 1.0, -1.0, -1.0]
---
[0.0, -0.17320490196748847, -1.0, -1.0, 1.0, 1.0]
---
[0.0, 0.10163610636911563, 1.0, 1.0, -1.0, -1.0]
---
[0.0, -0.11586390670511516, -0.9903280866678691, -0.7720202891031684, 0.6494027304968486, 0.0]
---
[0.0, 0.18394777366164816, 1.0, 1.0, -1.0, -1.0]
---
[0.0, -0.21862084032011508, -1.0, -1.0, 1.0, 1.0]
---
[0.0, 0.14710926772022928, 1.0, 1.0, -1.0, -1.0]
---
[0.0, -0.14306180619902722, -1.0, 0.0, 1.0, 0.3843174060936514]
---
[]
---
[0.0, 0.21220779853587915, 1.0, 1.0, -1.0, -1.0]
---
[0.0, -0.17251806022531926, -1.0, -1.0, 1.0, 1.0]
---
[0.0, 0.10054350658841571, 1.0, 1.0, -1.0, -1.0]
---
[0.0, -0.11553320858161543, -0.9900799586559673, -0.7700821207229751, 0.6506114071008797, 0.0]
---
[0.0, 0.18282114824796247, 1.0, 1.0, -1.0, -1.0]
---
[0.0, -0.21582720319508475, -1.0, -1.0, 1.0, 1.0]
---
[0.0, 0.14498882198573734, 1.0, 1.0, -1.0, -1.0]
---
[0.0, -0.14234694782940277, -1.0, 0.0, 1.0, 0.38258727263753123]
---
[0.0, 0.211639605299356, 1.0, 1.0, -1.0, -1.0]
---
[0.0, -0.1718412717581546, -1.0, -1.0, 1.0, 1.0]
---
[0.0, 0.0994938359916344, 1.0, 1.0, -1.0, -1.0]
---
[0.0, -0.1152603848454132, -0.989824794649389, -0.7681824042183152, 0.65187250595929, 0.0]
---
[0.0, 0.18172110565945243, 1.0, 1.0, -1.0, -1.0]
---
[0.0, -0.21303235723386896, -1.0, -1.0, 1.0, 1.0]
---
[0.0, 0.14290849987639379, 1.0, 1.0, -1.0, -1.0]
---
[0.0, -0.14168127789440574, -1.0, 0.0, 1.0, 0.38086449216864793]
---
[0.0, 0.21105182477068837, 1.0, 1.0, -1.0, -1.0]
---
[0.0, -0.17148539384289932, -1.0, -1.0, 1.0, 1.0]
---
[0.0, 0.09799730745932193, 1.0, 1.0, -1.0, -1.0]
---
[0.0, -0.11607218925937027, -0.9855003712231127, -0.7443195521093049, 0.6520493683178099, 0.0]
---
[0.0, 0.1822621117908335, 1.0, 1.0, -1.0, -1.0]
---
[]
---
[0.0, -0.21267783392890482, -1.0, -1.0, 1.0, 1.0]
---
[0.0, 0.13474513914483793, 1.0, 1.0, -1.0, -1.0]
---
[0.0, -0.14271742885384792, -1.0, 0.0, 1.0, 0.2907597163198634]
---
[0.0, 0.2008098005595936, 1.0, 1.0, -1.0, -1.0]
---
[0.0, -0.18482160498778355, -1.0, -1.0, 1.0, 1.0]
---
[0.0, 0.09512977394363117, 1.0, 1.0, -1.0, -1.0]
---
[0.0, -0.31210503263929834, -1.0, 0.0, 1.0, 0.0]
---
[0.0, 0.2864907356114773, 1.0, 0.0, -1.0, -1.0]
---
[0.0, -0.114876560321955, -1.0, 0.0, 0.752058006940606, 0.0]
---
[0.0, 0.19467318930515076, 1.0, 1.0, -1.0, 0.0]
---
[0.0, -0.29744003367829, -1.0, 0.0, 1.0, 0.0]
---
[0.0, 0.2512202604001489, 1.0, 0.0, -1.0, -1.0]
---
[0.0, -0.12512398000543928, -1.0, 0.0, 1.0, 0.0]
---
[0.0, 0.16323090057724737, 1.0, 1.0, -1.0, 0.0]
---
[0.0, -0.30838108277762616, -1.0, 0.0, 1.0, 0.0]
---
[0.0, 0.24708633061171553, 1.0, 0.0, -1.0, -1.0]
---
[0.0, 0.33300933361845014, 1.0, -1.0, -1.0, 1.0]
---
[0.0, -0.3588161669300265, -0.9861534732339113, 1.0, 1.0, -1.0]
---
[]
---
[0.0, 0.33332952281308326, 1.0, -1.0, -1.0, 1.0]
---
[0.0, -0.3586347460648867, -0.9865484894922247, 1.0, 1.0, -1.0]
---
[0.0, 0.3338994512302403, 1.0, -1.0, -1.0, 1.0]
---
[0.0, -0.3582774111470804, -0.9870632584919345, 1.0, 1.0, -1.0]
---
[0.0, 0.334616052042783, 1.0, -1.0, -1.0, 1.0]
---
[0.0, -0.3578208989160498, -0.9876397870211089, 1.0, 1.0, -1.0]
---
[0.0, 0.3354071885954834, 1.0, -1.0, -1.0, 1.0]
---
[0.0, -0.35731856438775306, -0.9882380806670752, 1.0, 1.0, -1.0]
---
[0.0, 0.3362233248574532, 1.0, -1.0, -1.0, 1.0]
---
[0.0, -0.3568067209968079, -0.9888312386917746, 1.0, 1.0, -1.0]
---
[0.0, 0.3370313319792789, 1.0, -1.0, -1.0, 1.0]
---
[0.0, -0.3563093488635285, -0.9894018134850704, 1.0, 1.0, -1.0]
---
[0.0, 0.33780989660184335, 1.0, -1.0, -1.0, 1.0]
---
[0.0, -0.35584158030792196, -0.9899391172552126, 1.0, 1.0, -1.0]
---
[0.0, 0.3385461283725353, 1.0, -1.0, -1.0, 1.0]
---
[0.0, -0.3554122706461255, -0.990437237282968, 1.0, 1.0, -1.0]
---
[0.0, 0.33923306378133933, 1.0, -1.0, -1.0, 1.0]
---
[0.0, -0.35502588588090783, -0.9908935800718475, 1.0, 1.0, -1.0]
---
[0.0, 0.3398678386232734, 1.0, -1.0, -1.0, 1.0]
---
[0.0, -0.3546838814051726, -0.9913078095677363, 1.0, 1.0, -1.0]
---
[0.0, 0.34045035804885637, 1.0, -1.0, -1.0, 1.0]
---
[0.0, -0.3543857022965971, -0.9916810781365373, 1.0, 1.0, -1.0]
---
[]
---
[0.0, 0.34098233595356897, 1.0, -1.0, -1.0, 1.0]
---
[0.0, -0.3541295032019187, -0.9920154744540745, 1.0, 1.0, -1.0]
---
[0.0, 0.34146660757526215, 1.0, -1.0, -1.0, 1.0]
---
[0.0, -0.3539126610897813, -0.9923136314564139, 1.0, 1.0, -1.0]
---
[0.0, 0.3419066434346567, 1.0, -1.0, -1.0, 1.0]
---
[0.0, -0.35373213567377493, -0.9925784519623758, 1.0, 1.0, -1.0]
---
[0.0, 0.3423062109792141, 1.0, -1.0, -1.0, 1.0]
---
[0.0, -0.35358471836688443, -0.9928129202919226, 1.0, 1.0, -1.0]
---
[0.0, 0.34266914392347625, 1.0, -1.0, -1.0, 1.0]
---
[0.0, -0.3534672001514977, -0.993019976349338, 1.0, 1.0, -1.0]
---
[0.0, 0.34299918962293585, 1.0, -1.0, -1.0, 1.0]
---
[0.0, -0.35337648094476054, -0.9932024347244212, 1.0, 1.0, -1.0]
---
[0.0, 0.3432999124680127, 1.0, -1.0, -1.0, 1.0]
---
[0.0, -0.35330963712589003, -0.9933629359035261, 1.0, 1.0, -1.0]
---
[0.0, 0.3435746370675381, 1.0, -1.0, -1.0, 1.0]
---
[0.0, -0.35326395951032086, -0.9935039200825054, 1.0, 1.0, -1.0]
---
[0.0, 0.3438264192966426, 1.0, -1.0, -1.0, 1.0]
---
[0.0, -0.35323697079970096, -0.9936276166295988, 1.0, 1.0, -1.0]
---
[0.0, 0.34405803648478317, 1.0, -1.0, -1.0, 1.0]
---
[]
---
[0.0, -0.3532264290362429, -0.9937360441382258, 1.0, 1.0, -1.0]
---
[0.0, 0.3442719904324116, 1.0, -1.0, -1.0, 1.0]
---
[0.0, -0.3532303218629281, -0.9938310173795255, 1.0, 1.0, -1.0]
---
[0.0, 0.344470518662641, 1.0, -1.0, -1.0, 1.0]
---
[0.0, -0.3532468549488651, -0.9939141585591013, 1.0, 1.0, -1.0]
---
[0.0, 0.3446556106906619, 1.0, -1.0, -1.0, 1.0]
---
[0.0, -0.35327443703495076, -0.9939869110032393, 1.0, 1.0, -1.0]
---
[0.0, 0.34482902699624396, 1.0, -1.0, -1.0, 1.0]
---
[0.0, -0.35331166326958674, -0.9940505539764476, 1.0, 1.0, -1.0]
---
[0.0, 0.34499231912744033, 1.0, -1.0, -1.0, 1.0]
---
[0.0, -0.35335729801508614, -0.9941062177958286, 1.0, 1.0, -1.0]
---
[0.0, 0.34514684986065963, 1.0, -1.0, -1.0, 1.0]
---
[0.0, -0.35341025786645364, -0.994154898538631, 1.0, 1.0, -1.0]
---
[0.0, 0.34529381271564474, 1.0, -1.0, -1.0, 1.0]
---
[0.0, -0.3534695954109621, -0.9941974721206532, 1.0, 1.0, -1.0]
---
[0.0, 0.34543425039250786, 1.0, -1.0, -1.0, 1.0]
---
[0.0, -0.3535344840126845, -0.9942347074094495, 1.0, 1.0, -1.0]
---
[0.0, 0.34556907188793085, 1.0, -1.0, -1.0, 1.0]
---
[0.0, -0.3536042037802025, -0.9942672783235147, 1.0, 1.0, -1.0]
---
[0.0, 0.34569906815695733, 1.0, -1.0, -1.0, 1.0]
---
[]
---
[0.0, -0.35367812878441485, -0.9942957748345245, 1.0, 1.0, -1.0]
---
[0.0, 0.34582492631545697, 1.0, -1.0, -1.0, 1.0]
---
[0.0, -0.3537557155279624, -0.9943207129066645, 1.0, 1.0, -1.0]
---
[0.0, 0.3459472424073028, 1.0, -1.0, -1.0, 1.0]
---
[0.0, -0.3538364926236694, -0.9943425434496436, 1.0, 1.0, -1.0]
---
[0.0, 0.346066532790548, 1.0, -1.0, -1.0, 1.0]
---
[0.0, -0.3539200515957047, -0.9943616602359986, 1.0, 1.0, -1.0]
---
[0.0, 0.34618324426005653, 1.0, -1.0, -1.0, 1.0]
---
[0.0, -0.3540060387595074, -0.9943784070050288, 1.0, 1.0, -1.0]
---
[0.0, 0.34629776298492376, 1.0, -1.0, -1.0, 1.0]
---
[0.0, -0.3540941480367146, -0.994393083683339, 1.0, 1.0, -1.0]
---
[0.0, 0.3464104223901593, 1.0, -1.0, -1.0, 1.0]
---
[0.0, -0.35418411466630484, -0.9944059519211454, 1.0, 1.0, -1.0]
---
[0.0, 0.3465215100648554, 1.0, -1.0, -1.0, 1.0]
---
[0.0, -0.3542757096858203, -0.994417239933862, 1.0, 1.0, -1.0]
---
[0.0, 0.34663127381662745, 1.0, -1.0, -1.0, 1.0]
---
[0.0, -0.35436873510297723, -0.9944271467417053, 1.0, 1.0, -1.0]
---
[0.0, 0.3467399269583845, 1.0, -1.0, -1.0, 1.0]
---
[0.0, -0.35446301971408256, -0.9944358459413528, 1.0, 1.0, -1.0]
---
[0.0, 0.34684765292358394, 1.0, -1.0, -1.0, 1.0]
---
[]
---
[0.0, -0.35455841543067323, -0.9944434889279461, 1.0, 1.0, -1.0]
---
[0.0, 0.34695460926586075, 1.0, -1.0, -1.0, 1.0]
---
[0.0, -0.3546547941188783, -0.9944502077594397, 1.0, 1.0, -1.0]
---
[0.0, 0.3470609311639286, 1.0, -1.0, -1.0, 1.0]
---
[0.0, -0.3547520448474769, -0.9944561176633212, 1.0, 1.0, -1.0]
---
[0.0, 0.34716673442846907, 1.0, -1.0, -1.0, 1.0]
---
[0.0, -0.3548500714932165, -0.9944613191709298, 1.0, 1.0, -1.0]
---
[0.0, 0.347272118144498, 1.0, -1.0, -1.0, 1.0]
---
[0.0, -0.35494879069376456, -0.9944659000520291, 1.0, 1.0, -1.0]
---
[0.0, 0.3473771669371981, 1.0, -1.0, -1.0, 1.0]
---
[0.0, -0.3550481300532458, -0.9944699369278249, 1.0, 1.0, -1.0]
---
[0.0, 0.34748195294512185, 1.0, -1.0, -1.0, 1.0]
---
[0.0, -0.3551480266086081, -0.9944734967265993, 1.0, 1.0, -1.0]
---
[0.0, 0.34758653751573754, 1.0, -1.0, -1.0, 1.0]
---
[0.0, -0.3552484255012036, -0.9944766379218506, 1.0, 1.0, -1.0]
---
[0.0, 0.347690972687494, 1.0, -1.0, -1.0, 1.0]
---
[0.0, -0.35534927882890965, -0.9944794116259417, 1.0, 1.0, -1.0]
---
[0.0, 0.3477953024581246, 1.0, -1.0, -1.0, 1.0]
---
[0.0, -0.35545054466284476, -0.9944818625383253, 1.0, 1.0, -1.0]
---
[0.0, 0.3478995638845117, 1.0, -1.0, -1.0, 1.0]
---
[0.0, -0.35555218619328294, -0.9944840297563499, 1.0, 1.0, -1.0]
---
[]
---
[0.0, 0.34800378802661014, 1.0, -1.0, -1.0, 1.0]
---
[0.0, -0.35565417099993935, -0.9944859475068513, 1.0, 1.0, -1.0]
---
[0.0, 0.34810800077712, 1.0, -1.0, -1.0, 1.0]
---
[0.0, -0.35575647042410397, -0.9944876457563216, 1.0, 1.0, -1.0]
---
[0.0, 0.3482122235595537, 1.0, -1.0, -1.0, 1.0]
---
[0.0, -0.3558590590222736, -0.994489150757045, 1.0, 1.0, -1.0]
---
[0.0, 0.3483164739401139, 1.0, -1.0, -1.0, 1.0]
---
[0.0, -0.35596191410619427, -0.9944904855307288, 1.0, 1.0, -1.0]
---
[0.0, 0.3484207661583042, 1.0, -1.0, -1.0, 1.0]
---
[0.0, -0.3560650153390015, -0.994491670257335, 1.0, 1.0, -1.0]
---
[0.0, 0.3485251115735486, 1.0, -1.0, -1.0, 1.0]
---
[0.0, -0.35616834439337636, -0.9944927226530801, 1.0, 1.0, -1.0]
---
[0.0, 0.34862951906062645, 1.0, -1.0, -1.0, 1.0]
---
[0.0, -0.3562926166960936, -0.9944938326082116, 1.0, 1.0, -1.0]
---
[0.0, 0.3487339953460523, 1.0, -1.0, -1.0, 1.0]
---
[0.0, -0.35637562097567443, -0.9944944907650242, 1.0, 1.0, -1.0]
---
[0.0, 0.34883854529643943, 1.0, -1.0, -1.0, 1.0]
---
[0.0, -0.35647953944679345, -0.994495232156022, 1.0, 1.0, -1.0]
---
[0.0, 0.34894317217613224, 1.0, -1.0, -1.0, 1.0]
---
[0.0, -0.3565836272160571, -0.9944958929991041, 1.0, 1.0, -1.0]
---
[]
---
[0.0, 0.34904787785578706, 1.0, -1.0, -1.0, 1.0]
---
[0.0, -0.356687872334646, -0.9944964825934128, 1.0, 1.0, -1.0]
---
[0.0, 0.3491526629975614, 1.0, -1.0, -1.0, 1.0]
---
[0.0, -0.35679226361333494, -0.994497009125921, 1.0, 1.0, -1.0]
---
[0.0, 0.34925752722734327, 1.0, -1.0, -1.0, 1.0]
---
[0.0, -0.3568967905040843, -0.9944974798059814, 1.0, 1.0, -1.0]
---
[0.0, 0.34936246925893005, 1.0, -1.0, -1.0, 1.0]
---
[0.0, -0.35700144300755776, -0.9944979009940624, 1.0, 1.0, -1.0]
---
[0.0, 0.3494674870258504, 1.0, -1.0, -1.0, 1.0]
---
[0.0, -0.35710621157920375, -0.9944982783037685, 1.0, 1.0, -1.0]
---
[0.0, 0.3495725777693273, 1.0, -1.0, -1.0, 1.0]
---
[0.0, -0.3572110870602704, -0.9944986166790742, 1.0, 1.0, -1.0]
---
[0.0, 0.34967773814468184, 1.0, -1.0, -1.0, 1.0]
---
[0.0, -0.35731606061491156, -0.9944989205003614, 1.0, 1.0, -1.0]
---
[0.0, 0.349782964284419, 1.0, -1.0, -1.0, 1.0]
---
[0.0, -0.3574211236750891, -0.9944991936312655, 1.0, 1.0, -1.0]
---
[0.0, 0.3498882518722027, 1.0, -1.0, -1.0, 1.0]
---
[0.0, -0.3575262678964878, -0.9944994394881304, 1.0, 1.0, -1.0]
---
[0.0, 0.3499935961957874, 1.0, -1.0, -1.0, 1.0]
---
[]
---
[0.0, -0.35763148511911175, -0.9944996610984924, 1.0, 1.0, -1.0]
---
[0.0, 0.35009899219585133, 1.0, -1.0, -1.0, 1.0]
---
[0.0, -0.357736767330578, -0.9944998611387889, 1.0, 1.0, -1.0]
---
[0.0, 0.3502044345107475, 1.0, -1.0, -1.0, 1.0]
---
[0.0, -0.3578421066435271, -0.9945000419803528, 1.0, 1.0, -1.0]
---
[0.0, 0.3503099175150942, 1.0, -1.0, -1.0, 1.0]
---
[0.0, -0.35794749527166586, -0.9945002057301267, 1.0, 1.0, -1.0]
---
[0.0, 0.3504154353472288, 1.0, -1.0, -1.0, 1.0]
---
[0.0, 0.350499870616465, 1.0, -1.0, -1.0, 1.0]
---
[0.0, 0.35052098193844006, 1.0, -1.0, -1.0, 1.0]
---
[0.0, -0.35815838968679137, -0.9945004891991952, 1.0, 1.0, -1.0]
---
[0.0, 0.35062655103703677, 1.0, -1.0, -1.0, 1.0]
---
[0.0, -0.35826388022061795, -0.9945006120371169, 1.0, 1.0, -1.0]
---
[0.0, 0.35073213622835786, 1.0, -1.0, -1.0, 1.0]
---
[0.0, -0.35836938953548003, -0.9945007240811337, 1.0, 1.0, -1.0]
---
[0.0, 0.3508377309551969, 1.0, -1.0, -1.0, 1.0]
---
[0.0, -0.35847491008696863, -0.9945008264856486, 1.0, 1.0, -1.0]
---
[0.0, 0.3509433285314677, 1.0, -1.0, -1.0, 1.0]
---
[0.0, -0.3585804343426272, -0.9945009202855712, 1.0, 1.0, -1.0]
---
[0.0, 0.3510489221533962, 1.0, -1.0, -1.0, 1.0]
---
[0.0, -0.358685954782557, -0.9945010064020482, 1.0, 1.0, -1.0]
---
[]
---
[0.0, 0.3511545049163723, 1.0, -1.0, -1.0, 1.0]
---
[0.0, -0.3587914638856311, -0.9945010856417356, 1.0, 1.0, -1.0]
---
[0.0, 0.3512600698202595, 1.0, -1.0, -1.0, 1.0]
---
[0.0, -0.35889695412968836, -0.9945011587472654, 1.0, 1.0, -1.0]
---
[0.0, 0.3513656097815667, 1.0, -1.0, -1.0, 1.0]
---
[0.0, -0.3590024179840938, -0.9945012263592115, 1.0, 1.0, -1.0]
---
[0.0, 0.35147111764222827, 1.0, -1.0, -1.0, 1.0]
---
[0.0, -0.35910784790718797, -0.9945012890573597, 1.0, 1.0, -1.0]
---
[0.0, 0.3515765861727911, 1.0, -1.0, -1.0, 1.0]
---
[0.0, -0.359213236347598, -0.9945013473566419, 1.0, 1.0, -1.0]
---
[0.0, 0.35168200808060196, 1.0, -1.0, -1.0, 1.0]
---
[0.0, -0.35931857573654274, -0.994501401722879, 1.0, 1.0, -1.0]
---
[0.0, 0.3517873760184084, 1.0, -1.0, -1.0, 1.0]
---
[0.0, -0.35942385848837966, -0.9945014525608645, 1.0, 1.0, -1.0]
---
[0.0, 0.351892682581322, 1.0, -1.0, -1.0, 1.0]
---
[0.0, -0.3595290770003944, -0.9945015002374407, 1.0, 1.0, -1.0]
---
[0.0, 0.3519979203186084, 1.0, -1.0, -1.0, 1.0]
---
[0.0, -0.35963422365343395, -0.9945015450912058, 1.0, 1.0, -1.0]
---
[0.0, 0.35210308173665456, 1.0, -1.0, -1.0, 1.0]
---
[0.0, -0.35973929080407574, -0.9945015874059873, 1.0, 1.0, -1.0]
---
[]
---
[0.0, 0.35220815929746263, 1.0, -1.0, -1.0, 1.0]
---
[0.0, -0.3598442707942774, -0.9945016274423475, 1.0, 1.0, -1.0]
---
[0.0, 0.352313145426183, 1.0, -1.0, -1.0, 1.0]
---
[0.0, -0.35994915594573035, -0.9945016654398204, 1.0, 1.0, -1.0]
---
[0.0, 0.3524180325122225, 1.0, -1.0, -1.0, 1.0]
---
[0.0, -0.3600539385600343, -0.9945017016062527, 1.0, 1.0, -1.0]
---
[0.0, 0.35252281291279874, 1.0, -1.0, -1.0, 1.0]
---
[0.0, -0.3601586109167763, -0.9945017361273257, 1.0, 1.0, -1.0]
---
[0.0, 0.35262747895516194, 1.0, -1.0, -1.0, 1.0]
---
[0.0, -0.36026316528382474, -0.9945017691721012, 1.0, 1.0, -1.0]
---
[0.0, 0.3527320229382995, 1.0, -1.0, -1.0, 1.0]
---
[0.0, -0.36036759390476497, -0.994501800892099, 1.0, 1.0, -1.0]
---
[0.0, 0.35283643714008495, 1.0, -1.0, -1.0, 1.0]
---
[0.0, -0.3604718890106854, -0.9945018314224736, 1.0, 1.0, -1.0]
---
[0.0, 0.3529407138019794, 1.0, -1.0, -1.0, 1.0]
---
[0.0, -0.3605760428122458, -0.9945018608826462, 1.0, 1.0, -1.0]
---
[0.15631698727711185, 0.36594961731883646, 1.0, -1.0, -1.0, 0.9953302065126053]
---
[0.3305159475892173, -0.3697131365841849, -1.0, 1.0, 1.0, -1.0]
---
[0.12700512832392719, 0.36642941660399253, 1.0, -1.0, -1.0, 0.9841445472018]
---
[0.30234399325142836, -0.3663973845603381, -1.0, 1.0, 1.0, -1.0]
---
[]
---
[0.10201994076768567, 0.36664612695465515, 1.0, -1.0, -1.0, 1.0]
---
[0.27904551984005005, -0.36968180143412294, -1.0, 1.0, 1.0, -1.0]
---
[0.07740155195261261, 0.36673769879115004, 1.0, -1.0, -1.0, 0.995264819596116]
---
[0.2546003733462664, -0.36836123896181516, -1.0, 1.0, 1.0, -1.0]
---
[0.05584188917961852, 0.366732511618983, 1.0, -1.0, -1.0, 0.9923549373054907]
---
[0.2345863806530013, -0.3671851195175049, -1.0, 1.0, 1.0, -1.0]
---
[0.03717678808416924, 0.3669244770741711, 1.0, -1.0, -1.0, 1.0]
---
[0.21731185946865406, -0.36867123316125794, -1.0, 1.0, 1.0, -1.0]
---
[0.020277147354698266, 0.36688120835537663, 1.0, -1.0, -1.0, 1.0]
---
[0.20090839144456965, -0.36831571034850485, -1.0, 1.0, 1.0, -1.0]
---
[0.004556804749298121, 0.3670889278785293, 1.0, -1.0, -1.0, 0.9946607580265656]
---
[0.18634914102134637, -0.3678521402078172, -1.0, 1.0, 1.0, -1.0]
---
[-0.008491864042923014, 0.36708894553039306, 1.0, -1.0, -1.0, 0.9983938623561173]
---
[0.17402573310066288, -0.3676639655054361, -1.0, 1.0, 1.0, -1.0]
---
[-0.01999306138242013, 0.3671495288908172, 1.0, -1.0, -1.0, 1.0]
---
[0.1633148411507967, -0.3678362116915539, -1.0, 1.0, 1.0, -1.0]
---
[-0.03011045702247102, 0.36717491717772566, 1.0, -1.0, -1.0, 1.0]
---
[0.15378287751428638, -0.3677061769841986, -1.0, 1.0, 1.0, -1.0]
---
[-0.038906388653141284, 0.3672003216658217, 1.0, -1.0, -1.0, 1.0]
---
[]
---
[0.14563330414263467, -0.3676602860732851, -1.0, 1.0, 1.0, -1.0]
---
[-0.046503730218865835, 0.36721681201880424, 1.0, -1.0, -1.0, 1.0]
---
[0.1385401174093882, -0.3676136913556671, -1.0, 1.0, 1.0, -1.0]
---
[-0.0531227472890074, 0.36723509638704727, 1.0, -1.0, -1.0, 1.0]
---
[0.13236523893017926, -0.3675707445929216, -1.0, 1.0, 1.0, -1.0]
---
[-0.05887923395451002, 0.3672517820721788, 1.0, -1.0, -1.0, 1.0]
---
[0.1270025333651666, -0.3675328296357131, -1.0, 1.0, 1.0, -1.0]
---
[-0.06387331414594276, 0.3672661212780025, 1.0, -1.0, -1.0, 1.0]
---
[0.12235642851892076, -0.36749978385475257, -1.0, 1.0, 1.0, -1.0]
---
[-0.06819607628722336, 0.3672781639611969, 1.0, -1.0, -1.0, 1.0]
---
[0.11833999392285185, -0.36747111234752, -1.0, 1.0, 1.0, -1.0]
---
[-0.07193010412414215, 0.3672881246790226, 1.0, -1.0, -1.0, 1.0]
---
[0.11487473707887778, -0.3674462910577514, -1.0, 1.0, 1.0, -1.0]
---
[-0.07514967042513632, 0.36729624042738485, 1.0, -1.0, -1.0, 1.0]
---
[0.11189033255982675, -0.36742482985729985, -1.0, 1.0, 1.0, -1.0]
---
[-0.07792109199085555, 0.3673027391091187, 1.0, -1.0, -1.0, 1.0]
---
[0.10932419017437123, -0.36740628483750915, -1.0, 1.0, 1.0, -1.0]
---
[-0.0803032201816976, 0.3673078314538033, 1.0, -1.0, -1.0, 1.0]
---
[0.107120917346337, -0.36739025941165415, -1.0, 1.0, 1.0, -1.0]
---
[-0.0823480099415064, 0.3673117086768265, 1.0, -1.0, -1.0, 1.0]
---
[0.10523172699686406, -0.36737640232195495, -1.0, 1.0, 1.0, -1.0]
---
[-0.08410112327249739, 0.3673145421099851, 1.0, -1.0, -1.0, 1.0]
---
[]
---
[0.10361382798072397, -0.36736440458611297, -1.0, 1.0, 1.0, -1.0]
---
[-0.0856025363157234, 0.36731648376678316, 1.0, -1.0, -1.0, 1.0]
---
[0.10222982353308183, -0.36735399594514495, -1.0, 1.0, 1.0, -1.0]
---
[-0.08688712922674283, 0.367317667409896, 1.0, -1.0, -1.0, 1.0]
---
[0.10104713449814742, -0.36734494119380234, -1.0, 1.0, 1.0, -1.0]
---
[-0.08798524550065479, 0.3673182099247426, 1.0, -1.0, -1.0, 1.0]
---
[0.10003745777014017, -0.3673370365307117, -1.0, 1.0, 1.0, -1.0]
---
[-0.08892321278031068, 0.3673182128102819, 1.0, -1.0, -1.0, 1.0]
---
[0.09917626579353733, -0.36733010605710026, -1.0, 1.0, 1.0, -1.0]
---
[-0.08972382107555779, 0.36731776372518976, 1.0, -1.0, -1.0, 1.0]
---
[0.09844234968797627, -0.3673239985069905, -1.0, 1.0, 1.0, -1.0]
---
[-0.09040675703438364, 0.3673169379893877, 1.0, -1.0, -1.0, 1.0]
---
[0.09781740634353017, -0.36731858421569163, -1.0, 1.0, 1.0, -1.0]
---
[-0.09098899477649977, 0.36731580003579634, 1.0, -1.0, -1.0, 1.0]
---
[0.09728566825645577, -0.36731375238168673, -1.0, 1.0, 1.0, -1.0]
---
[-0.09148514504548623, 0.367314404730382, 1.0, -1.0, -1.0, 1.0]
---
[0.09683357393287095, -0.3673094085848657, -1.0, 1.0, 1.0, -1.0]
---
[-0.09190776518014654, 0.3673127986095367, 1.0, -1.0, -1.0, 1.0]
---
[0.09644947608107, -0.36730547258704804, -1.0, 1.0, 1.0, -1.0]
---
[]
---
[-0.09226763286528081, 0.3673110209797833, 1.0, -1.0, -1.0, 1.0]
---
[0.09612338451662857, -0.3673018763830066, -1.0, 1.0, 1.0, -1.0]
---
[-0.09257398679589449, 0.36730910491803903, 1.0, -1.0, -1.0, 1.0]
---
[0.09584674059854142, -0.3672985624721453, -1.0, 1.0, 1.0, -1.0]
---
[-0.09283473742925341, 0.36730707814044083, 1.0, -1.0, -1.0, 1.0]
---
[0.0956122200546195, -0.3672954823706065, -1.0, 1.0, 1.0, -1.0]
---
[-0.09305665091775472, 0.3673049637818294, 1.0, -1.0, -1.0, 1.0]
---
[0.0954135611655007, -0.36729259528963765, -1.0, 1.0, 1.0, -1.0]
---
[-0.09324550914725088, 0.3673027810717685, 1.0, -1.0, -1.0, 1.0]
---
[0.09524541547968074, -0.36728986700308597, -1.0, 1.0, 1.0, -1.0]
---
[-0.0934062486230394, 0.3673005459198202, 1.0, -1.0, -1.0, 1.0]
---
[0.09510321841075443, -0.3672872688658654, -1.0, 1.0, 1.0, -1.0]
---
[-0.0935430807088107, 0.3672982714319295, 1.0, -1.0, -1.0, 1.0]
---
[0.09498307733588926, -0.36728477696993356, -1.0, 1.0, 1.0, -1.0]
---
[-0.09365959551395155, 0.3672959683442147, 1.0, -1.0, -1.0, 1.0]
---
[0.09488167500293866, -0.3672823714131451, -1.0, 1.0, 1.0, -1.0]
---
[-0.09375885146969956, 0.36729364540006876, 1.0, -1.0, -1.0, 1.0]
---
[0.09479618632133666, -0.3672800356799787, -1.0, 1.0, 1.0, -1.0]
---
[-0.09384345244833506, 0.367291309680352, 1.0, -1.0, -1.0, 1.0]
---
[0.09472420677334636, -0.3672777561051608, -1.0, 1.0, 1.0, -1.0]
---
[]
---
[-0.09391561404945566, 0.3672889668710809, 1.0, -1.0, -1.0, 1.0]
---
[0.09466369093845693, -0.3672755214232535, -1.0, 1.0, 1.0, -1.0]
---
[-0.09397722049440983, 0.36728662150115, 1.0, -1.0, -1.0, 1.0]
---
[0.0946128997443185, -0.3672733223819702, -1.0, 1.0, 1.0, -1.0]
---
[-0.09402987340319263, 0.3672842771387719, 1.0, -1.0, -1.0, 1.0]
---
[0.09457035528685698, -0.36727115140903177, -1.0, 1.0, 1.0, -1.0]
---
[-0.09407493356212876, 0.36728193656542063, 1.0, -1.0, -1.0, 1.0]
---
[0.09453480215529853, -0.3672690023475401, -1.0, 1.0, 1.0, -1.0]
---
[-0.09411355665153581, 0.3672796019060125, 1.0, -1.0, -1.0, 1.0]
---
[0.09450517436775865, -0.3672668702046596, -1.0, 1.0, 1.0, -1.0]
---
[-0.09414672377475952, 0.36727727475816296, 1.0, -1.0, -1.0, 1.0]
---
[0.09448056712950914, -0.36726475096246863, -1.0, 1.0, 1.0, -1.0]
---
[-0.09417376651430184, 0.36727459039297145, 1.0, -1.0, -1.0, 0.9999046133237739]
---
[0.09447567685097356, -0.3672474879878595, -1.0, 1.0, 1.0, -1.0]
---
[-0.09414803009164747, 0.36726303139522865, 1.0, -1.0, -1.0, 1.0]
---
[0.0944914954125384, -0.36727905861976573, -1.0, 1.0, 1.0, -1.0]
---
[-0.09419598753516012, 0.3672650305574594, 1.0, -1.0, -1.0, 0.9995754961042973]
---
[0.09446523052979738, -0.36722598658335803, -1.0, 1.0, 1.0, -1.0]
---
[-0.09412786582052357, 0.36724706968729204, 1.0, -1.0, -1.0, 1.0]
---
[]
---
[0.09447329629974982, -0.36727914133456774, -1.0, 1.0, 1.0, -1.0]
---
[-0.09422521330382633, 0.36725603175229893, 1.0, -1.0, -1.0, 0.9995121772319484]
---
[0.09444401320064912, -0.3671921231271912, -1.0, 1.0, 1.0, -1.0]
---
[-0.09417621186457238, 0.367248076432346, 1.0, -1.0, -1.0, 1.0]
---
[0.09448322734247122, -0.36729740552750023, -1.0, 1.0, 1.0, -1.0]
---
[-0.09428364002302303, 0.36725845318255845, 1.0, -1.0, -1.0, 0.999053867335979]
---
[0.09441205906128194, -0.3672064688067144, -1.0, 1.0, 1.0, -1.0]
---
[-0.09411314192672592, 0.3672167544742285, 1.0, -1.0, -1.0, 1.0]
---
[0.09440045340732378, -0.36726388986911834, -1.0, 1.0, 1.0, -1.0]
---
[-0.0942770166720045, 0.3672361679080792, 1.0, -1.0, -1.0, 0.9997063117481053]
---
[0.09438973093738426, -0.3672202430480119, -1.0, 1.0, 1.0, -1.0]
---
[-0.09408028782620853, 0.3671951064562325, 1.0, -1.0, -1.0, 1.0]
---
[0.09438655835352835, -0.36719533337640287, -1.0, 1.0, 1.0, -1.0]
---
[-0.09413357965790248, 0.3672056651930425, 1.0, -1.0, -1.0, 1.0]
---
[0.09437930232882479, -0.36726311959766833, -1.0, 1.0, 1.0, -1.0]
---
[-0.09431774540356311, 0.367228990774559, 1.0, -1.0, -1.0, 0.9996325607565781]
---
[0.09437215914086616, -0.36717852125688755, -1.0, 1.0, 1.0, -1.0]
---
[-0.09417275140876533, 0.3672067358017397, 1.0, -1.0, -1.0, 1.0]
---
[0.09439020302707449, -0.36727306338205307, -1.0, 1.0, 1.0, -1.0]
---
[-0.09435320899345837, 0.36723031504642045, 1.0, -1.0, -1.0, 0.9993615187491054]
---
[]
---
[0.09437039137316686, -0.36711452943107414, -1.0, 1.0, 1.0, -1.0]
---
[-0.0943245001816603, 0.36724198833440347, 1.0, -1.0, -1.0, 1.0]
---
[0.09448588277707931, -0.3673277492797442, -1.0, 1.0, 1.0, -1.0]
---
[-0.0943326855888046, 0.3672283931997127, 1.0, -1.0, -1.0, 1.0]
---
[0.09449265472480307, -0.3673319902951508, -1.0, 1.0, 1.0, -1.0]
---
[-0.09430780695911176, 0.3672192670704922, 1.0, -1.0, -1.0, 1.0]
---
[0.094467206137017, -0.3673175135257718, -1.0, 1.0, 1.0, -1.0]
---
[-0.09444742400283351, 0.3672471804316732, 1.0, -1.0, -1.0, 0.9982899482204672]
---
[0.09434133836777156, -0.36720028533769966, -1.0, 1.0, 1.0, -1.0]
---
[-0.09445205934803205, 0.36724335388400664, 1.0, -1.0, -1.0, 0.9983325115952715]
---
[0.0943428891755132, -0.3671917204669357, -1.0, 1.0, 1.0, -1.0]
---
[-0.0943576593501477, 0.36721993151153565, 1.0, -1.0, -1.0, 1.0]
---
[0.09450623695115659, -0.36733480002064073, -1.0, 1.0, 1.0, -1.0]
---
[-0.0942990035174247, 0.36720556811232996, 1.0, -1.0, -1.0, 1.0]
---
[0.09445159395102429, -0.3673028497115043, -1.0, 1.0, 1.0, -1.0]
---
[-0.09445649259373412, 0.3672353807788581, 1.0, -1.0, -1.0, 0.9984791630135206]
---
[0.09434873183110533, -0.367168279917021, -1.0, 1.0, 1.0, -1.0]
---
[-0.09415961913097481, 0.3671682335888308, 1.0, -1.0, -1.0, 1.0]
---
[0.09434828035184142, -0.3672060999059411, -1.0, 1.0, 1.0, -1.0]
---
[-0.09447872434762057, 0.36723494350569585, 1.0, -1.0, -1.0, 0.9982353677199312]
---
[]
---
[0.09435019651722429, -0.36718512729489794, -1.0, 1.0, 1.0, -1.0]
---
[-0.09442071169576663, 0.3672214555495963, 1.0, -1.0, -1.0, 0.9992815658863785]
---
[0.09437854413315887, -0.3670698315926813, -1.0, 1.0, 1.0, -1.0]
---
[-0.09440678259062882, 0.367232646155407, 1.0, -1.0, -1.0, 0.999598301215677]
---
[0.09435737182963158, -0.36723281909013045, -1.0, 1.0, 1.0, -1.0]
---
[-0.09441939821155833, 0.36720432684920856, 1.0, -1.0, -1.0, 0.9992865226563303]
---
[0.09438374541075586, -0.36707382724803206, -1.0, 1.0, 1.0, -1.0]
---
[-0.09439394464183648, 0.3672247343973498, 1.0, -1.0, -1.0, 0.9999455554553922]
---
[0.09450015678947221, -0.3673121747261636, -1.0, 1.0, 1.0, -1.0]
---
[-0.09448543269267562, 0.3672285919063921, 1.0, -1.0, -1.0, 0.9983911613668779]
---
[0.09436500057802813, -0.36715589432982754, -1.0, 1.0, 1.0, -1.0]
---
[-0.09417312612325346, 0.3671550784216077, 1.0, -1.0, -1.0, 1.0]
---
[0.09436540349897883, -0.36719316918401806, -1.0, 1.0, 1.0, -1.0]
---
[-0.09451042746581628, 0.3672270019195817, 1.0, -1.0, -1.0, 0.9980797185534778]
---
[0.09436543835378736, -0.36718356391184676, -1.0, 1.0, 1.0, -1.0]
---
[-0.0944962359841181, 0.3672200728825554, 1.0, -1.0, -1.0, 0.9983985695714992]
---
[0.09437207675843837, -0.3671518591201962, -1.0, 1.0, 1.0, -1.0]
---
[-0.0941832502505763, 0.36715074388009417, 1.0, -1.0, -1.0, 1.0]
---
[0.09437246118487141, -0.36718915489614645, -1.0, 1.0, 1.0, -1.0]
---
[-0.09452038709297839, 0.3672226047420297, 1.0, -1.0, -1.0, 0.9980844002871114]
---
[]
---
[0.09437317019408306, -0.3671783302285434, -1.0, 1.0, 1.0, -1.0]
---
[-0.09450904528143583, 0.36721694063827814, 1.0, -1.0, -1.0, 0.9983434882369773]
---
[0.09437923280728658, -0.36715239199146066, -1.0, 1.0, 1.0, -1.0]
---
[-0.09417884443181954, 0.3671425958280655, 1.0, -1.0, -1.0, 1.0]
---
[0.09438435357138752, -0.36715893868701177, -1.0, 1.0, 1.0, -1.0]
---
[-0.09418394636873895, 0.3671414401508162, 1.0, -1.0, -1.0, 1.0]
---
[0.09438668156467453, -0.367163395066482, -1.0, 1.0, 1.0, -1.0]
---
[-0.09417237988747768, 0.36713581500697823, 1.0, -1.0, -1.0, 1.0]
---
[0.09439380606803496, -0.36713521276743466, -1.0, 1.0, 1.0, -1.0]
---
[-0.09424243101201749, 0.3671538919168584, 1.0, -1.0, -1.0, 1.0]
---
[0.09440097235644682, -0.36722871670464796, -1.0, 1.0, 1.0, -1.0]
---
[-0.09445910433500737, 0.36718379632434023, 1.0, -1.0, -1.0, 0.9995263004272408]
---
[0.09440289668163016, -0.36709899859234274, -1.0, 1.0, 1.0, -1.0]
---
[-0.09433681910182928, 0.3671762580240536, 1.0, -1.0, -1.0, 1.0]
---
[0.09447648759262514, -0.3672640022766339, -1.0, 1.0, 1.0, -1.0]
---
[-0.09451145460605492, 0.3672000981766187, 1.0, -1.0, -1.0, 0.998715879424033]
---
[0.09440300640694284, -0.3671084057463849, -1.0, 1.0, 1.0, -1.0]
---
[-0.09429725241912511, 0.36716056662499785, 1.0, -1.0, -1.0, 1.0]
---
[0.09444139326387392, -0.367239717957912, -1.0, 1.0, 1.0, -1.0]
---
[-0.09449324494211055, 0.3671871073044372, 1.0, -1.0, -1.0, 0.9991680694159246]
---
[]
---
[0.09441613899367363, -0.3670626017259173, -1.0, 1.0, 1.0, -1.0]
---
[-0.09442251379667278, 0.3671919951630592, 1.0, -1.0, -1.0, 1.0]
---
[0.09453790608143936, -0.3672869199798338, -1.0, 1.0, 1.0, -1.0]
---
[-0.0945474937359469, 0.3672062912571334, 1.0, -1.0, -1.0, 0.9983439477586575]
---
[0.09440610129385252, -0.36713846787008547, -1.0, 1.0, 1.0, -1.0]
---
[-0.09421510479210193, 0.3671277973234883, 1.0, -1.0, -1.0, 1.0]
---
[0.09441423828491662, -0.3671405335053879, -1.0, 1.0, 1.0, -1.0]
---
[-0.09423053454245144, 0.3671301164051367, 1.0, -1.0, -1.0, 1.0]
---
[0.09441437204934426, -0.3671688826425647, -1.0, 1.0, 1.0, -1.0]
---
[-0.09456658626293805, 0.36720260991081766, 1.0, -1.0, -1.0, 0.9980684438106486]
---
[0.0944158110428009, -0.3671604559653431, -1.0, 1.0, 1.0, -1.0]
---
[-0.09454747453440328, 0.36719449776017, 1.0, -1.0, -1.0, 0.9984513871190916]
---
[0.09442444634786246, -0.3671225651850775, -1.0, 1.0, 1.0, -1.0]
---
[-0.09425029430487229, 0.36713033256367145, 1.0, -1.0, -1.0, 1.0]
---
[0.09442081831042215, -0.3671924831123621, -1.0, 1.0, 1.0, -1.0]
---
[-0.0945075337424978, 0.3671730884229014, 1.0, -1.0, -1.0, 0.9992635735110031]
---
[0.09444473938203077, -0.36704158680253074, -1.0, 1.0, 1.0, -1.0]
---
[-0.09477608218179742, 0.36717519259677744, 1.0, -1.0, -1.0, 0.9988267013614847]
---
[0.0946695442001235, -0.3669570518654468, -1.0, 1.0, 1.0, -1.0]
---
[-0.0945966308117118, 0.36711961098562207, 0.9998892654687179, -1.0, -1.0, 1.0]
---
[0.09473341501003837, -0.36711252902494373, -1.0, 1.0, 1.0, -1.0]
---
[]
---
[-0.09477652372010872, 0.3671534857247012, 1.0, -1.0, -1.0, 0.9988290278888874]
---
[0.09467094801935824, -0.3669778798822648, -1.0, 1.0, 1.0, -1.0]
---
[-0.09459758011651997, 0.367107255719123, 0.9999262612911906, -1.0, -1.0, 1.0]
---
[0.09473435355805752, -0.36713715425217264, -1.0, 1.0, 1.0, -1.0]
---
[-0.09477710713535317, 0.3671379802846188, 1.0, -1.0, -1.0, 0.9988304139017128]
---
[0.0946721332379198, -0.36699381597021785, -1.0, 1.0, 1.0, -1.0]
---
[-0.09459849442743512, 0.3670988329063004, 0.9999542518306939, -1.0, -1.0, 1.0]
---
[0.09473520508350419, -0.36715601148844135, -1.0, 1.0, 1.0, -1.0]
---
[-0.09477779301823185, 0.3671271791364783, 1.0, -1.0, -1.0, 0.9988311704447357]
---
[0.09467315574385657, -0.36700607573845956, -1.0, 1.0, 1.0, -1.0]
---
[-0.09459938579198929, 0.36709336257521596, 0.9999753578044074, -1.0, -1.0, 1.0]
---
[0.09473599276371347, -0.36717052377272974, -1.0, 1.0, 1.0, -1.0]
---
[-0.09477854691279004, 0.3671199087557995, 1.0, -1.0, -1.0, 0.9988315168609807]
---
[0.09467406216528997, -0.36701560278475326, -1.0, 1.0, 1.0, -1.0]
---
[-0.09460025844661363, 0.36709008559368683, 0.9999912358501789, -1.0, -1.0, 1.0]
---
[0.09473673699736213, -0.3671817919590965, -1.0, 1.0, 1.0, -1.0]
---
[-0.09477934144957598, 0.3671152658417469, 1.0, -1.0, -1.0, 0.9988316062443756]
---
[0.09467488902546499, -0.36702311721546294, -1.0, 1.0, 1.0, -1.0]
---
[-0.09460102922719307, 0.3670885975560243, 1.0, -1.0, -1.0, 1.0]
---
[0.09473758144666991, -0.3671884725188932, -1.0, 1.0, 1.0, -1.0]
---
[-0.09478009683000692, 0.3671154101463655, 1.0, -1.0, -1.0, 0.9988302411791246]
---
[]
---
[0.09467578029006672, -0.3670258336318277, -1.0, 1.0, 1.0, -1.0]
---
[-0.09460154446847212, 0.3670913180565899, 1.0, -1.0, -1.0, 1.0]
---
[0.09473849940985463, -0.3671900363756113, -1.0, 1.0, 1.0, -1.0]
---
[-0.09478088948202457, 0.3671187642428116, 1.0, -1.0, -1.0, 0.9988289561468804]
---
[0.09467654383556368, -0.36702702969260903, -1.0, 1.0, 1.0, -1.0]
---
[-0.09460218912437318, 0.3670946941020464, 1.0, -1.0, -1.0, 1.0]
---
[0.09473925840544481, -0.36719143001713483, -1.0, 1.0, 1.0, -1.0]
---
[-0.09478172626885056, 0.3671221035689115, 1.0, -1.0, -1.0, 0.9988281902349936]
---
[0.09467722959227043, -0.3670283848425044, -1.0, 1.0, 1.0, -1.0]
---
[-0.09460295494628995, 0.36709795204292595, 1.0, -1.0, -1.0, 1.0]
---
[0.09473999579101573, -0.36719304014155796, -1.0, 1.0, 1.0, -1.0]
---
[-0.09478259580154574, 0.3671253010657551, 1.0, -1.0, -1.0, 0.9988271076192037]
---
[0.09467787105691422, -0.3670300079181513, -1.0, 1.0, 1.0, -1.0]
---
[-0.09460359755078315, 0.36710102996828625, 1.0, -1.0, -1.0, 1.0]
---
[0.09474059468216833, -0.36719476619575064, -1.0, 1.0, 1.0, -1.0]
---
[-0.0947833701947288, 0.3671283393512671, 1.0, -1.0, -1.0, 0.9988274393569752]
---
[0.09467852437940122, -0.36703168734611935, -1.0, 1.0, 1.0, -1.0]
---
[-0.0946045650757815, 0.3671040914837778, 1.0, -1.0, -1.0, 1.0]
---
[0.0947414391003871, -0.3671967792099858, -1.0, 1.0, 1.0, -1.0]
---
[-0.0947842890584526, 0.36713134716588186, 1.0, -1.0, -1.0, 0.9988248478798862]
---
[0.09467911463689659, -0.36703381081053743, -1.0, 1.0, 1.0, -1.0]
---
[-0.09460471605248655, 0.3671068343012551, 1.0, -1.0, -1.0, 1.0]
---
[0.09474165179373842, -0.36719857334055805, -1.0, 1.0, 1.0, -1.0]
---
[-0.09478475342445437, 0.3671341033512683, 1.0, -1.0, -1.0, 0.9988296272974084]
---
[]
---
[0.09467984338875764, -0.36703534297300155, -1.0, 1.0, 1.0, -1.0]
---
[-0.09460676508737104, 0.3671100623969381, 1.0, -1.0, -1.0, 1.0]
---
[0.09474335638353848, -0.36720128444933886, -1.0, 1.0, 1.0, -1.0]
---
[-0.0947861996801202, 0.36713721143782263, 1.0, -1.0, -1.0, 0.9988169587704023]
---
[0.09468022983249455, -0.36703868761567104, -1.0, 1.0, 1.0, -1.0]
---
[-0.09460418178004673, 0.3671119077032019, 1.0, -1.0, -1.0, 1.0]
---
[0.0947414536958801, -0.3672021191894691, -1.0, 1.0, 1.0, -1.0]
---
[-0.09478518333655246, 0.3671392799940797, 1.0, -1.0, -1.0, 0.9988464031926334]
---
[0.09468142468821261, -0.3670380028688567, -1.0, 1.0, 1.0, -1.0]
---
[-0.0946126550566044, 0.3671169097422736, 1.0, -1.0, -1.0, 1.0]
---
[0.09474819156545622, -0.36720773631642556, -1.0, 1.0, 1.0, -1.0]
---
[-0.09478998918077136, 0.36714369938849506, 1.0, -1.0, -1.0, 0.9987748126221652]
---
[0.09468065640421122, -0.3670472711675353, -1.0, 1.0, 1.0, -1.0]
---
[-0.0945944926978397, 0.3671142031491576, 1.0, -1.0, -1.0, 1.0]
---
[0.09473413723246617, -0.36720209439927587, -1.0, 1.0, 1.0, -1.0]
---
[]
---
[-0.09478072028576295, 0.36714236170664705, 1.0, -1.0, -1.0, 0.9989460986929535]
---
[0.09468457719564594, -0.36703285262478913, -1.0, 1.0, 1.0, -1.0]
---
[-0.09464026588323657, 0.3671299293244009, 1.0, -1.0, -1.0, 1.0]
---
[0.09477000797637536, -0.36722370416281, -1.0, 1.0, 1.0, -1.0]
---
[-0.09480519449098912, 0.36715478030210275, 1.0, -1.0, -1.0, 0.9985338533707644]
---
[0.09467719664499441, -0.3670755476125448, -1.0, 1.0, 1.0, -1.0]
---
[-0.09453233910676938, 0.36710129817632925, 1.0, -1.0, -1.0, 1.0]
---
[0.09468586631911183, -0.36717999657246986, -1.0, 1.0, 1.0, -1.0]
---
[-0.09474851076785926, 0.3671340887808028, 1.0, -1.0, -1.0, 0.9995239482770222]
---
[0.09468585525899303, -0.3670574315264473, -1.0, 1.0, 1.0, -1.0]
---
[-0.09460214215374606, 0.3671238995790941, 1.0, -1.0, -1.0, 1.0]
---
[0.09474738444261781, -0.3672147298629111, -1.0, 1.0, 1.0, -1.0]
---
[-0.09478572129690083, 0.367152361918355, 1.0, -1.0, -1.0, 0.9988449317216759]
---
[0.09468643441669695, -0.3670490948578874, -1.0, 1.0, 1.0, -1.0]
---
[-0.09461469976877171, 0.36713052190521056, 1.0, -1.0, -1.0, 1.0]
---
[0.09475365301017716, -0.3672206829011054, -1.0, 1.0, 1.0, -1.0]
---
[-0.09479279061324325, 0.3671573480686161, 1.0, -1.0, -1.0, 0.9987586436692091]
---
[0.09468409361082511, -0.367060268502549, -1.0, 1.0, 1.0, -1.0]
---
[-0.09459329011915038, 0.367126597507895, 1.0, -1.0, -1.0, 1.0]
---
[]
---
[0.09473524077473378, -0.36721332299085374, -1.0, 1.0, 1.0, -1.0]
---
[-0.09478180300499299, 0.3671550616795536, 1.0, -1.0, -1.0, 0.9989707843589377]
---
[0.09468814848935658, -0.36704225842231475, -1.0, 1.0, 1.0, -1.0]
---
[-0.09465004210890805, 0.36714535580501456, 1.0, -1.0, -1.0, 1.0]
---
[0.09477878258791916, -0.3672395243016485, -1.0, 1.0, 1.0, -1.0]
---
[-0.0948120192232833, 0.3671697339817471, 1.0, -1.0, -1.0, 0.9984637777689205]
---
[0.09467859857481575, -0.36709454431482813, -1.0, 1.0, 1.0, -1.0]
---
[-0.09451713978432948, 0.36710947513061226, 1.0, -1.0, -1.0, 1.0]
---
[0.09467470506122282, -0.3671852341591467, -1.0, 1.0, 1.0, -1.0]
---
[-0.0947420600183176, 0.3671436250155644, 1.0, -1.0, -1.0, 0.9996844401926221]
---
[0.0946875351908022, -0.3671989286110755, -1.0, 1.0, 1.0, -1.0]
---
[-0.09474839362204547, 0.3671471512949751, 1.0, -1.0, -1.0, 0.9995515831817308]
---
[0.09468580434796482, -0.36710163339719465, -1.0, 1.0, 1.0, -1.0]
---
[-0.09452798697041648, 0.3671165745748447, 1.0, -1.0, -1.0, 1.0]
---
[0.09469534021044115, -0.3671982310344776, -1.0, 1.0, 1.0, -1.0]
---
[-0.09474826847348478, 0.36715109213794667, 1.0, -1.0, -1.0, 0.9995099384516282]
---
[0.09469389928442995, -0.36706393970618456, -1.0, 1.0, 1.0, -1.0]
---
[-0.09462500179683203, 0.3671476987407296, 1.0, -1.0, -1.0, 1.0]
---
[0.09477068708583719, -0.3672415632497445, -1.0, 1.0, 1.0, -1.0]
---
[-0.09480002872844584, 0.3671746574864961, 1.0, -1.0, -1.0, 0.9986294946663641]
---
[0.09468668054337527, -0.3670856336024726, -1.0, 1.0, 1.0, -1.0]
---
[]
---
[-0.09456173382606323, 0.36713198592619967, 1.0, -1.0, -1.0, 1.0]
---
[0.0947149570707726, -0.36721464579313357, -1.0, 1.0, 1.0, -1.0]
---
[-0.09476702820667987, 0.367162996861521, 1.0, -1.0, -1.0, 0.9992529190498072]
---
[0.09469710681791038, -0.3670279270234049, -1.0, 1.0, 1.0, -1.0]
---
[-0.09472757230150755, 0.36718197073738434, 1.0, -1.0, -1.0, 1.0]
---
[0.0948414107738935, -0.36728667482967053, -1.0, 1.0, 1.0, -1.0]
---
[-0.09469134489899347, 0.3671610474330774, 1.0, -1.0, -1.0, 1.0]
---
[0.09481906442880486, -0.36727620188544563, -1.0, 1.0, 1.0, -1.0]
---
[-0.09482748455804757, 0.36719287668997225, 1.0, -1.0, -1.0, 0.9982251128714825]
---
[0.09467837854586558, -0.3671312045435349, -1.0, 1.0, 1.0, -1.0]
---
[-0.09456958332848203, 0.36713433325680794, 1.0, -1.0, -1.0, 1.0]
---
[0.094726813065436, -0.3672275634328384, -1.0, 1.0, 1.0, -1.0]
---
[-0.09477286792161355, 0.36717192776111673, 1.0, -1.0, -1.0, 0.9991451446700728]
---
[0.09469731307185465, -0.3670449183068716, -1.0, 1.0, 1.0, -1.0]
---
[-0.09469971764481354, 0.3671807216641504, 1.0, -1.0, -1.0, 1.0]
---
[0.09482174856844186, -0.3672818289204324, -1.0, 1.0, 1.0, -1.0]
---
[-0.09481687839507702, 0.3671960412220434, 1.0, -1.0, -1.0, 0.9984269096101634]
---
[0.09468372891678747, -0.3671148830402239, -1.0, 1.0, 1.0, -1.0]
---
[-0.09451776172339421, 0.36713068947219446, 1.0, -1.0, -1.0, 1.0]
---
[0.09468041944489253, -0.367207356250458, -1.0, 1.0, 1.0, -1.0]
---
[]
---
[-0.0947447425867073, 0.3671653752866674, 1.0, -1.0, -1.0, 0.9996755237759158]
---
[0.09468922517421616, -0.36721935479044693, -1.0, 1.0, 1.0, -1.0]
---
[-0.09474914588229186, 0.3671680300355004, 1.0, -1.0, -1.0, 0.99958276753864]
---
[0.09468502148853891, -0.36715681164960545, -1.0, 1.0, 1.0, -1.0]
---
[-0.09451473967807622, 0.3671300220996562, 1.0, -1.0, -1.0, 1.0]
---
[0.09469521935692216, -0.36721745673956685, -1.0, 1.0, 1.0, -1.0]
---
[-0.09474433191970827, 0.3671706040677186, 1.0, -1.0, -1.0, 0.9995856496770195]
---
[0.09468802303051595, -0.3671652345500326, -1.0, 1.0, 1.0, -1.0]
---
[-0.09463186375503715, 0.36715991756723554, 1.0, -1.0, -1.0, 1.0]
---
[0.09480271909202347, -0.3672771257323068, -1.0, 1.0, 1.0, -1.0]
---
[-0.09480839937831183, 0.36720056211690577, 1.0, -1.0, -1.0, 0.9983951365340511]
---
[0.09469185013290654, -0.3671267027535907, -1.0, 1.0, 1.0, -1.0]
---
[-0.09450171899207081, 0.3671372366481761, 1.0, -1.0, -1.0, 1.0]
---
[0.09468273732250651, -0.3672083001726375, -1.0, 1.0, 1.0, -1.0]
---
[-0.09475628549106252, 0.3671799969438657, 1.0, -1.0, -1.0, 0.9994216792494077]
---
[0.09470692373876444, -0.3670300991890185, -1.0, 1.0, 1.0, -1.0]
---
[-0.09477616390543782, 0.36721803300251393, 1.0, -1.0, -1.0, 0.9992300529772624]
---
[0.09470194681051525, -0.36704470098163056, -1.0, 1.0, 1.0, -1.0]
---
[-0.09473799767033156, 0.36720799187582365, 1.0, -1.0, -1.0, 0.9998778454160204]
---
[0.09479920182626494, -0.36728712723294843, -1.0, 1.0, 1.0, -1.0]
---
[]
---
[-0.09482199047963158, 0.3672101457759441, 1.0, -1.0, -1.0, 0.9983281431679707]
---
[0.09468429838518454, -0.36714237331744504, -1.0, 1.0, 1.0, -1.0]
---
[-0.09448881581608581, 0.36713880195955717, 1.0, -1.0, -1.0, 1.0]
---
[0.09468474481874017, -0.3671720837978677, -1.0, 1.0, 1.0, -1.0]
---
[-0.09466383473762544, 0.3671782090649707, 1.0, -1.0, -1.0, 1.0]
---
[0.09481543984713775, -0.3672974680260924, -1.0, 1.0, 1.0, -1.0]
---
[-0.09482659935229076, 0.3672171308547847, 1.0, -1.0, -1.0, 0.9981932593367642]
---
[0.09468496419991457, -0.3671589314823187, -1.0, 1.0, 1.0, -1.0]
---
[-0.09460931745099105, 0.36716982858345815, 1.0, -1.0, -1.0, 1.0]
---
[0.09476798268822956, -0.3672740019587869, -1.0, 1.0, 1.0, -1.0]
---
[-0.09479736125815184, 0.3672078288088335, 1.0, -1.0, -1.0, 0.9987312603313683]
---
[0.09469433526482504, -0.3671093322139608, -1.0, 1.0, 1.0, -1.0]
---
[-0.094595089346337, 0.3671768426951134, 1.0, -1.0, -1.0, 1.0]
---
[0.09474416057121414, -0.36726453681096216, -1.0, 1.0, 1.0, -1.0]
---
[-0.09478824691324889, 0.36720604297272863, 1.0, -1.0, -1.0, 0.9989632696231077]
---
[0.0946958799574225, -0.3670907106091717, -1.0, 1.0, 1.0, -1.0]
---
[-0.09465787846798095, 0.36719712888410716, 1.0, -1.0, -1.0, 1.0]
---
[0.09478834480566639, -0.36729236885452865, -1.0, 1.0, 1.0, -1.0]
---
[]
---
[-0.09482131398288793, 0.3672218057933266, 1.0, -1.0, -1.0, 0.9984274677334977]
---
[0.09468439725571431, -0.3671469545126958, -1.0, 1.0, 1.0, -1.0]
---
[-0.0945172029190533, 0.36715907995706576, 1.0, -1.0, -1.0, 1.0]
---
[0.09467794158601796, -0.36723208144401487, -1.0, 1.0, 1.0, -1.0]
---
[-0.09475495375105167, 0.3671972402933744, 1.0, -1.0, -1.0, 0.9995856792758833]
---
[0.09468504065850418, -0.36718857423523343, -1.0, 1.0, 1.0, -1.0]
---
[-0.09458761408948071, 0.3671742177101791, 1.0, -1.0, -1.0, 1.0]
---
[0.0947550201405852, -0.36727794026799754, -1.0, 1.0, 1.0, -1.0]
---
[-0.0947856009978455, 0.36721472750241313, 1.0, -1.0, -1.0, 0.9989195384817346]
---
[0.09470056087431528, -0.36710289140337554, -1.0, 1.0, 1.0, -1.0]
---
[-0.09464415757507538, 0.36720281394645404, 1.0, -1.0, -1.0, 1.0]
---
[0.09478497409254127, -0.36729733831709777, -1.0, 1.0, 1.0, -1.0]
---
[-0.09481417158463662, 0.3672284663648028, 1.0, -1.0, -1.0, 0.9985119226902306]
---
[0.09468903618966906, -0.367146740645716, -1.0, 1.0, 1.0, -1.0]
---
[-0.09453883989851038, 0.36717456119730796, 1.0, -1.0, -1.0, 1.0]
---
[0.09469696881418274, -0.3672534945659168, -1.0, 1.0, 1.0, -1.0]
---
[-0.0947585460846892, 0.36720796468167793, 1.0, -1.0, -1.0, 0.9995153645876691]
---
[0.09469609373996557, -0.367126905456739, -1.0, 1.0, 1.0, -1.0]
---
[-0.0946170167208693, 0.3671996161449964, 1.0, -1.0, -1.0, 1.0]
---
[0.0947620726322716, -0.36729145298168886, -1.0, 1.0, 1.0, -1.0]
---
[-0.09479978951877358, 0.36722808843934657, 1.0, -1.0, -1.0, 0.9987772314740537]
---
[]
---
[0.09469411330471472, -0.36712732339153364, -1.0, 1.0, 1.0, -1.0]
---
[-0.09460901961365506, 0.3672005884689833, 1.0, -1.0, -1.0, 1.0]
---
[0.09475111986217219, -0.36728888153352324, -1.0, 1.0, 1.0, -1.0]
---
[-0.09479554776470575, 0.3672289191768044, 1.0, -1.0, -1.0, 0.9988846588240872]
---
[0.09469495445994996, -0.3671204754468535, -1.0, 1.0, 1.0, -1.0]
---
[-0.09463796844612085, 0.36721162916955813, 1.0, -1.0, -1.0, 1.0]
---
[0.09477159167142521, -0.3673033742744548, -1.0, 1.0, 1.0, -1.0]
---
[-0.09481072495728296, 0.3672378718074619, 1.0, -1.0, -1.0, 0.9986380014584268]
---
[0.09468977563383726, -0.36714813153572257, -1.0, 1.0, 1.0, -1.0]
---
[-0.09457307478580926, 0.36719577434437034, 1.0, -1.0, -1.0, 1.0]
---
[0.09472001306106637, -0.3672783615280843, -1.0, 1.0, 1.0, -1.0]
---
[-0.09477628988124787, 0.36722677148772587, 1.0, -1.0, -1.0, 0.9992400718757528]
---
[0.09470140362980897, -0.36709261588805625, -1.0, 1.0, 1.0, -1.0]
---
[-0.0947317085017221, 0.36724454831088915, 1.0, -1.0, -1.0, 1.0]
---
[0.09484364607720891, -0.36734868521363595, -1.0, 1.0, 1.0, -1.0]
---
[-0.09471392988988143, 0.36722829964268655, 1.0, -1.0, -1.0, 1.0]
---
[0.09483813595737929, -0.36734735856155043, -1.0, 1.0, 1.0, -1.0]
---
